	sample_GBM1_exosome_clean_fq	sample_GBM2_exosome_clean_fq	sample_GBM3_exosome_clean_fq	sample_GBM4_exosome_clean_fq
hsa-let-7b-5p	6036.98981986717	15652.5991767631	3829.28681548303	5793.57661933075
hsa-miR-100-5p	1927.71225462407	879.369724939369	1249.25321370422	2445.34550369414
hsa-miR-320a	1446.18612066699	1001.7019561249	318.135112635515	600.618619601473
hsa-miR-432-5p	1262.2889287718	218.477977552173	0	116.854858749871
hsa-let-7g-5p	1252.8148715826	1390.08887307041	1794.25319928623	5357.86800492148
hsa-let-7a-5p	1201.05206821252	3120.38153101957	3427.41813924579	5783.34575825348
hsa-miR-122-5p	951.712108551336	13163.091412112	1821.6473784557	25720.9181106848
hsa-miR-423-5p	930.352415979324	1378.18091365803	577.243851972866	639.065161130001
hsa-miR-199a-3p|hsa-miR-199b-3p	910.715279259894	426.536490618513	25.95238026581	53.5786800492148
hsa-miR-409-3p	761.025175670552	62.351398589833	0	83.3984884023977
hsa-miR-134-5p	705.04211046165	142.068571322723	0.262145255210202	121.703608075592
hsa-let-7i-5p	634.245064920546	4665.43926477612	1752.57210370781	5148.15959658406
hsa-miR-21-5p	614.607928201116	2023.85693512941	461.375649169956	5283.19726530538
hsa-miR-30d-5p	607.459321412902	2899.91889356534	533.203449097552	1644.69577128449
hsa-miR-382-5p	558.96937416273	73.432416376355	0	39.0324320720524
hsa-miR-191-5p	489.894884474208	423.890277415761	384.829234648577	2637.47719572583
hsa-miR-92a-3p	441.835576187181	9367.26396109008	956.305891006819	662.824032826033
hsa-miR-423-3p	441.146553846149	637.571993537947	576.719561462445	477.844246049785
hsa-miR-146a-5p	438.045953311502	54.9089239570943	2.09716204168162	10.4248110502997
hsa-miR-127-3p	426.332573513947	165.057548521627	1.04858102084081	205.586971410562
hsa-miR-24-3p	403.078069504095	989.022184528385	25.95238026581	931.687182937251
hsa-miR-221-3p	384.81897746673	5.95397970619095	3.93217882815304	528.998551436139
hsa-miR-543	377.067476130113	280.002434516147	0.786435765630607	286.561085150099
hsa-let-7c-5p	356.172873638298	2725.54446939235	1186.20727982617	1017.13426792977
hsa-miR-1246	336.1567746313	710.177468288443	880.676984878675	427.780909261717
hsa-miR-485-5p	313.160653999335	57.2243605095019	0	43.3963064652011
hsa-miR-151a-3p	310.060053464689	932.293988994399	307.234239106357	669.612281882042
hsa-miR-181a-5p	307.303964100558	3092.76168071585	541.329952009068	2194.30150735495
hsa-miR-27b-3p	304.720130321686	1584.42015514748	97.7801801934055	1113.87893885121
hsa-miR-193a-5p	295.762839888261	23.3197538492479	1.31072627605101	37.0929323417641
hsa-miR-222-3p	279.91532604451	8.76558123411445	17.8258773542938	613.124352237395
hsa-miR-22-3p	232.889551269033	648.487622999297	166.724382313689	2464.37684479759
hsa-miR-10b-5p	217.731059766315	2711.37620286929	618.924947551288	6396.47011049088
hsa-miR-143-3p	215.491737157959	148.51871600443	7.60221240109587	367.050323957064
hsa-miR-181b-5p	194.73493913435	3017.26191027485	504.36747102443	1365.40781012298
hsa-miR-10a-5p	185.605393115668	17.5311624682289	45.8754196617854	1845.79764956876
hsa-let-7f-5p	174.322652281258	1625.68454227789	1537.61299443544	2377.58423186719
hsa-miR-26a-5p	169.49949589403	627.317917377285	382.994217862106	2460.01297040445
hsa-miR-493-5p	169.154984723513	6.94630965722277	0	37.5778072743362
hsa-miR-128-3p	161.05897221638	1734.7581427288	328.468004778384	1952.83379093405
hsa-miR-25-3p	142.455369008499	1023.42295616416	436.733995180197	496.269493487524
hsa-miR-99a-5p	129.105561150991	2432.86226327969	384.960307276182	3154.59631131395
hsa-miR-125b-1-3p	128.847177773104	91.4597438200998	13.8936985261407	33.6988078137595
hsa-miR-224-5p	117.478309146065	1.32310660137577	0.262145255210202	194.434847961404
hsa-miR-30a-5p	105.248162592736	460.110320628423	97.7801801934055	1236.91595299138
hsa-miR-370-3p	104.90365142222	143.557066249271	0.524290510420405	53.5786800492148
hsa-miR-27a-3p	102.147562058089	64.9976117925845	5.50505035941425	219.648344455152
hsa-miR-493-3p	94.7405718919882	6.61553300687883	0	29.5773708868969
hsa-miR-323a-3p	91.4677157720831	40.1066688542029	0.524290510420405	73.5797710178131
hsa-miR-99b-5p	91.1232046015668	554.381665976446	155.97642685007	323.896454958149
hsa-miR-92b-3p	86.1277926290801	234.934115906784	42.4675313440528	371.171760883927
hsa-let-7e-5p	68.816106310635	79.8825610580619	62.7837886228435	129.946481929317
hsa-miR-1307-3p	68.5577229327478	136.77614491722	54.7883583389323	177.221787855095
hsa-miR-320b	67.88305522382	89.1994367094162	19.8138122063045	25.0720746384146
hsa-miR-214-3p	67.5241894211988	0.661553300687883	0	2.66681212914644
hsa-miR-125b-5p	66.4906559096499	413.305424604755	52.1669057868303	138.189355783043
hsa-miR-485-3p	62.7010330339704	8.43480458377051	0	5.09118679200684
hsa-miR-654-3p	53.9159981858042	23.9813071499358	0.524290510420405	23.2739967634598
hsa-miR-146b-5p	52.9685924668843	101.217655005246	132.121208625942	224.739531247159
hsa-miR-155-5p	52.5379535037389	0.165388325171971	2.09716204168162	0.48487493257208
hsa-let-7d-3p	48.9205862133175	87.3250356908006	9.9615196979877	33.9412452800456
hsa-miR-433-3p	48.7483306280594	14.7195609403054	0	10.9096859828718
hsa-miR-148a-3p	48.2315638722849	533.70812532995	65.0120232921302	2203.27169360753
hsa-miR-381-3p	42.8916407292819	20.8389289716683	0	54.790867380645
hsa-miR-28-3p	41.5135960472166	194.331282077066	58.196246656665	101.581298373851
hsa-miR-29a-3p	39.1020178536024	33.0776650343942	5.76719561462445	62.0639913692262
hsa-miR-23a-3p	38.671378890457	19.3504340451206	0.393217882815304	59.3971792400798
hsa-miR-140-3p	38.0684843420534	2598.08520012649	167.248672824109	165.099914540793
hsa-miR-378a-3p	37.5230083220693	1776.95973036852	420.087771474349	514.209865992691
hsa-miR-379-5p	35.6569061484392	103.20231490731	0.262145255210202	60.3669291052239
hsa-let-7d-5p	33.8482225032285	281.490929442694	90.0468951647046	250.316683940336
hsa-miR-584-5p	30.1447274201781	214.508657748046	75.7599787557485	0.24243746628604
hsa-miR-361-3p	28.9389383233709	105.517751459717	23.8552182241284	77.0951142789607
hsa-miR-125a-5p	28.5944271528546	28.7775685799229	11.0101007188285	56.9728045772194
hsa-miR-484	27.0441268855312	112.960226092456	12.5829722500897	37.3353698080501
hsa-miR-532-5p	26.5273601297567	767.567217123116	228.066372032876	808.286512597657
hsa-miR-99b-3p	25.838337788724	46.9702843488397	7.07792189067547	29.0924959543248
hsa-miR-320c	23.4497270064776	34.2767303918909	9.19692937029127	13.847219949371
hsa-miR-574-3p	21.3596925720119	5.12703808033109	0	2.66681212914644
hsa-miR-671-3p	20.1539034752048	4.79626142998715	5.50505035941425	5.57606172457892
hsa-miR-455-5p	19.9816478899466	17.6965507934009	1.57287153126121	48.487493257208
hsa-miR-424-3p	19.6371367194303	472.679833341492	18.6123131199244	65.2156784309447
hsa-miR-93-5p	18.9481143783976	220.297249129065	88.3429510058382	124.370420204738
hsa-miR-30e-5p	18.259092037365	166.876820098519	22.5444919480774	332.381766278161
hsa-miR-185-5p	17.225558525816	117.756487522443	7.34006714588567	97.7022989132741
hsa-miR-152-3p	15.6752582584926	11.7425710872099	4.71861459378365	177.949100253953
hsa-miR-30a-3p	15.1584915027181	30.5968401568146	4.71861459378365	76.8526768126746
hsa-miR-328-3p	14.9862359174599	6.61553300687883	0.786435765630607	11.6369983817299
hsa-miR-574-5p	14.6417247469436	11.246406111694	0.786435765630607	1.45462479771624
hsa-miR-330-3p	13.6081912353947	8.60019290894248	2.09716204168162	23.7588716960319
hsa-miR-26b-5p	13.6081912353947	68.6361549463679	17.0394415886632	120.491420744162
hsa-miR-495-3p	13.4359356501365	18.1927157689168	0	40.9719318023407
hsa-miR-106b-3p	13.2636800648783	109.735153751603	64.74987803692	35.1534326114758
hsa-miR-103a-3p	13.1775522722493	450.931268581378	52.5601236696456	208.617439739137
hsa-miR-411-5p	12.5746577238457	37.0469848385215	0	32.9714954149014
hsa-miR-382-3p	12.5746577238457	5.78859138101898	0	8.24287385372535
hsa-miR-192-5p	12.4024021385875	68.057295808266	3.80110620054794	448.388093896031
hsa-miR-149-5p	12.2301465533294	60.3667386877693	14.9422795469815	8.24287385372535
hsa-miR-196a-5p	11.8856353828131	69.7938732225717	37.7489167502692	120.248983277876
hsa-miR-16-2-3p	11.7133797975549	53.0896523802026	23.0687824584978	96.2476741155578
hsa-miR-361-5p	11.3688686270386	92.1212971207877	3.67003357294283	21.8193719657436
hsa-miR-3615	11.0243574565223	45.6471777474639	5.24290510420405	9.93993611772763
hsa-miR-7706	10.8521018712641	48.6241676005594	5.24290510420405	9.69749865144159
hsa-miR-20a-5p	10.8521018712641	1358.41700879998	65.2741685473404	151.402197695632
hsa-miR-654-5p	10.5075907007478	5.62320305584701	0	3.6365619942906
hsa-miR-486-5p	10.5075907007478	5.78859138101898	4.71861459378365	3.6365619942906
hsa-miR-767-5p	10.3353351154896	0.165388325171971	0.786435765630607	0
hsa-miR-615-3p	10.3353351154896	15.0503375906493	7.86435765630607	60.851804037796
hsa-miR-186-5p	10.1630795302315	97.0829468759468	6.02934086983466	43.3963064652011
hsa-miR-184	10.1630795302315	7.60786295791066	18.088022609504	14.5462479771624
hsa-miR-148b-3p	9.81856835971514	58.5474671108777	24.1173634793386	41.2143692686268
hsa-miR-345-5p	9.64631277445698	56.8935838591579	10.4858102084081	18.425247437739
hsa-miR-98-5p	9.47405718919882	333.588251871865	36.307117846613	88.6108939275476
hsa-miR-629-5p	9.47405718919882	55.7358655829542	12.5829722500897	15.0311229097345
hsa-miR-199b-5p	9.47405718919882	59.2090204115655	1.83501678647142	0.24243746628604
hsa-miR-369-5p	9.30180160394066	7.44247463273869	0	8.72774878629743
hsa-miR-323b-3p	9.30180160394066	4.05201396671328	0	4.48509312629174
hsa-miR-151a-5p|hsa-miR-151b	8.87116264079526	162.990194456977	0.917508393235709	17.8191537720239
hsa-miR-30c-5p	8.2682680923917	5.62320305584701	7.60221240109587	56.4879296446473
hsa-miR-431-3p	8.09601250713354	0.661553300687883	0	2.4243746628604
hsa-miR-1180-3p	7.92375692187537	189.204243996735	15.7287153126121	35.6383075440479
hsa-miR-625-3p	7.75150133661721	17.3657741430569	3.40788831773263	8.72774878629743
hsa-miR-451a	7.75150133661721	3.47315482861139	12.3208269948795	6.78824905600912
hsa-miR-329-3p	7.75150133661721	3.14237817826744	0	8.72774878629743
hsa-miR-769-5p	7.75150133661721	77.7325128308263	17.8258773542938	43.3963064652011
hsa-miR-744-5p	7.57924575135905	34.4007716357699	12.5829722500897	34.9109951451897
hsa-miR-101-3p	7.23473458084273	315.395536102948	68.1577663546527	184.737349309962
hsa-miR-136-3p	7.23473458084273	1.98465990206365	0	8.24287385372535
hsa-miR-7-5p	7.06247899558457	189.70040897225	23.8552182241284	60.1244916389379
hsa-miR-4326	6.89022341032641	6.94630965722277	5.50505035941425	7.03068652229516
hsa-miR-199a-5p	6.89022341032641	0.496164975515912	0	0
hsa-miR-107	6.63184003243917	117.012240059169	8.25757553912138	63.6398349000855
hsa-miR-487b-3p	6.54571223981009	2.48082487757956	0	7.2731239885812
hsa-miR-320d	6.38206943381484	14.5403902547024	1.76948047266887	3.26078392154724
hsa-miR-365a-3p|hsa-miR-365b-3p	6.20120106929377	1.1577182762038	0.524290510420405	3.87899946057664
hsa-miR-589-5p	5.68443431351929	14.5541726151334	10.4858102084081	7.03068652229516
hsa-miR-941	5.51217872826113	24.1466954751077	4.19432408336324	17.4554975725949
hsa-miR-1301-3p	5.33992314300297	37.5431498140374	11.5343912292489	32.7290579486154
hsa-miR-494-3p	5.33992314300297	0.496164975515912	0	2.90924959543248
hsa-miR-214-5p	5.16766755774481	0	0	0
hsa-miR-501-3p	5.08153976511573	79.221007757374	27.6563244246764	77.7012079446758
hsa-miR-339-3p	4.99541197248665	17.5311624682289	4.19432408336324	15.7584353085926
hsa-miR-1262	4.99541197248665	6.7809213320508	0.786435765630607	2.18193719657436
hsa-let-7b-3p	4.82315638722849	8.60019290894248	1.57287153126121	6.060936657151
hsa-miR-664a-5p	4.82315638722849	15.8772792165092	6.02934086983466	14.7886854434484
hsa-miR-409-5p	4.82315638722849	2.97698985309547	0	6.54581158972308
hsa-miR-3605-5p	4.65090080197033	1.1577182762038	0.786435765630607	3.39412452800456
hsa-miR-130b-3p	4.47864521671217	102.871538256966	5.50505035941425	15.5159978423066
hsa-miR-221-5p	4.47864521671217	0.165388325171971	0	8.24287385372535
hsa-miR-1-3p	4.30638963145401	4.96164975515912	7.34006714588567	5.33362425829288
hsa-miR-181d-5p	4.04800625356677	73.1843338885971	11.7965364844591	15.0311229097345
hsa-miR-125b-2-3p	3.96187846093769	25.3044137513115	8.12650291151628	38.7899946057664
hsa-miR-487a-5p	3.78962287567953	0.661553300687883	0	0.969749865144159
hsa-miR-412-5p	3.78962287567953	8.26941625859854	0	3.87899946057664
hsa-miR-106b-5p	3.78962287567953	16.6215266797831	7.07792189067547	13.5764981120182
hsa-miR-197-3p	3.78962287567953	3.14237817826744	0.524290510420405	8.72774878629743
hsa-miR-421	3.61736729042137	59.2090204115655	5.76719561462445	15.7584353085926
hsa-miR-3651	3.61736729042137	2.31543655240759	28.5738328179121	6.060936657151
hsa-miR-1290	3.18672832727597	5.62320305584701	7.73328502870097	4.72753059257778
hsa-miR-376a-3p	3.10060053464689	1.98465990206365	0	0
hsa-miR-22-5p	3.10060053464689	4.30009645447124	1.04858102084081	42.1841191337709
hsa-miR-656-3p	2.92834494938873	2.15004822723562	0	2.18193719657436
hsa-miR-183-5p	2.92834494938873	275.536949736503	564.660879722776	1358.61956106697
hsa-miR-889-3p	2.92834494938873	1.98465990206365	0	3.6365619942906
hsa-miR-425-5p	2.92834494938873	20.8389289716683	2.62145255210202	14.0613730445903
hsa-miR-30e-3p	2.75608936413057	6.61553300687883	3.93217882815304	11.879435848016
hsa-miR-29b-3p	2.75608936413057	2.31543655240759	1.31072627605101	1.69706226400228
hsa-miR-340-5p	2.75608936413057	329.288155417394	48.4968722138875	155.402415889352
hsa-miR-181a-2-3p	2.75608936413057	92.4520737711317	45.8754196617854	45.3358061954895
hsa-miR-376c-3p	2.5838337788724	1.48849492654774	0	2.90924959543248
hsa-miR-30b-5p	2.41157819361424	1.65388325171971	0	7.2731239885812
hsa-miR-28-5p	2.41157819361424	40.5201396671328	3.67003357294283	40.7294943360547
hsa-miR-2110	2.41157819361424	17.200385817885	2.35930729689182	6.060936657151
hsa-miR-130b-5p	2.41157819361424	124.20663220415	15.9908605678224	15.7584353085926
hsa-miR-342-5p	2.23932260835608	88.1519773166604	16.5151510782428	13.5764981120182
hsa-miR-193b-5p	2.23932260835608	2.31543655240759	0	1.45462479771624
hsa-miR-1271-5p	2.23932260835608	8.10402793342657	3.14574306252243	8.72774878629743
hsa-miR-3934-5p	2.23932260835608	0.330776650343942	0	0.48487493257208
hsa-miR-15b-3p	2.23932260835608	5.62320305584701	0	4.36387439314872
hsa-miR-503-5p	2.23932260835608	423.063335789901	3.40788831773263	12.121873314302
hsa-miR-1185-1-3p	2.153194815727	3.47315482861139	0	1.2121873314302
hsa-miR-500a-3p	2.153194815727	40.9336104800628	8.51972079433158	19.2737785697402
hsa-miR-16-5p	2.06706702309792	58.0513021353617	3.14574306252243	35.8807450103339
hsa-miR-369-3p	2.06706702309792	3.30776650343942	0	5.09118679200684
hsa-miR-3928-3p	2.06706702309792	1.65388325171971	0.786435765630607	1.93949973028832
hsa-miR-105-5p	2.06706702309792	0.330776650343942	1.04858102084081	0
hsa-miR-410-3p	2.06706702309792	2.48082487757956	0	1.69706226400228
hsa-miR-339-5p	2.06706702309792	6.94630965722277	2.88359780731223	10.6672485165858
hsa-miR-877-5p	2.06706702309792	4.96164975515912	1.57287153126121	2.90924959543248
hsa-miR-4658	2.06706702309792	0.661553300687883	0	0.48487493257208
hsa-miR-193b-3p	1.89481143783976	0.826941625859854	0.262145255210202	3.6365619942906
hsa-miR-130a-3p	1.89481143783976	42.0086345936806	1.83501678647142	8.72774878629743
hsa-miR-23b-3p	1.80868364521068	5.29242640550306	0.131072627605101	10.4248110502997
hsa-miR-370-5p	1.7225558525816	0.330776650343942	0	1.45462479771624
hsa-miR-628-3p	1.7225558525816	4.13470812929927	0.524290510420405	1.69706226400228
hsa-miR-10a-3p	1.7225558525816	0	0	16.7281851737367
hsa-miR-576-3p	1.7225558525816	12.0733477375539	0.524290510420405	5.33362425829288
hsa-miR-1468-5p	1.7225558525816	4.46548477964321	0.786435765630607	6.060936657151
hsa-miR-3200-3p	1.7225558525816	0.165388325171971	0	7.75799892115328
hsa-miR-25-5p	1.7225558525816	1.48849492654774	2.62145255210202	1.45462479771624
hsa-miR-132-3p	1.7225558525816	11.411794436866	0.786435765630607	14.3038105108764
hsa-miR-151b	1.63642805995252	14.3060901273755	0.131072627605101	2.30315592971738
hsa-miR-505-3p	1.55030026732344	3.63854315378336	3.67003357294283	7.03068652229516
hsa-miR-136-5p	1.55030026732344	2.15004822723562	0	1.69706226400228
hsa-let-7a-3p	1.55030026732344	10.2540761606622	1.31072627605101	19.3949973028832
hsa-miR-708-3p	1.55030026732344	0.496164975515912	0.524290510420405	2.90924959543248
hsa-miR-450b-5p	1.55030026732344	49.6164975515912	6.29148612504486	8.72774878629743
hsa-miR-425-3p	1.55030026732344	4.30009645447124	1.57287153126121	6.30337412343704
hsa-miR-19b-3p	1.55030026732344	44.6548477964321	0.786435765630607	9.57627991829857
hsa-miR-181a-3p	1.55030026732344	23.2370596866619	1.83501678647142	25.4559339600342
hsa-miR-299-3p	1.55030026732344	1.32310660137577	0	0.727312398858119
hsa-miR-9-5p	1.55030026732344	2942.5890814597	1194.07163748247	3004.36589470537
hsa-miR-320e	1.42110857837982	1.1577182762038	0.786435765630607	0.48487493257208
hsa-miR-1287-5p	1.37804468206528	4.79626142998715	1.31072627605101	0.727312398858119
hsa-miR-10b-3p	1.37804468206528	9.42713453480233	0.524290510420405	41.4568067349128
hsa-miR-541-3p	1.37804468206528	0.826941625859854	0	0.48487493257208
hsa-miR-148a-5p	1.37804468206528	3.30776650343942	0.524290510420405	14.0613730445903
hsa-miR-140-5p	1.37804468206528	280.829376142006	6.02934086983466	17.6979350388809
hsa-miR-3129-5p	1.37804468206528	0	0	0
hsa-miR-411-3p	1.37804468206528	1.65388325171971	0	1.45462479771624
hsa-miR-145-5p	1.37804468206528	1.1577182762038	0.262145255210202	1.93949973028832
hsa-miR-377-5p	1.37804468206528	1.32310660137577	0	0.969749865144159
hsa-miR-17-5p	1.2919168894362	161.501699530429	8.12650291151628	27.0317774908934
hsa-miR-125a-3p	1.20578909680712	1.32310660137577	0	0.24243746628604
hsa-miR-4429	1.20578909680712	1.65388325171971	1.04858102084081	1.2121873314302
hsa-miR-126-3p	1.20578909680712	15.0503375906493	0.524290510420405	13.0916231794462
hsa-miR-3679-5p	1.20578909680712	2.97698985309547	0.262145255210202	0.24243746628604
hsa-miR-21-3p	1.20578909680712	0.496164975515912	0.524290510420405	5.57606172457892
hsa-miR-133a-3p	1.20578909680712	0.165388325171971	1.04858102084081	2.18193719657436
hsa-miR-210-3p	1.20578909680712	1.32310660137577	0.524290510420405	2.90924959543248
hsa-miR-27b-5p	1.20578909680712	8.26941625859854	0.524290510420405	3.87899946057664
hsa-miR-1292-5p	1.20578909680712	4.46548477964321	0	0.969749865144159
hsa-miR-539-5p	1.03353351154896	0.165388325171971	0	0.727312398858119
hsa-miR-3125	1.03353351154896	3.63854315378336	0	0.969749865144159
hsa-miR-1293	1.03353351154896	0.165388325171971	0	0.48487493257208
hsa-miR-127-5p	1.03353351154896	0.992329951031825	0	1.2121873314302
hsa-miR-652-3p	1.03353351154896	22.492812223388	0.524290510420405	6.78824905600912
hsa-miR-1193	1.03353351154896	0.165388325171971	0	0.48487493257208
hsa-miR-219a-1-3p	1.03353351154896	10.2540761606622	8.12650291151628	10.9096859828718
hsa-miR-542-3p	1.03353351154896	42.6701878943685	2.09716204168162	8.00043638743931
hsa-miR-874-3p	1.03353351154896	0.165388325171971	1.57287153126121	2.66681212914644
hsa-miR-1296-5p	1.03353351154896	11.411794436866	1.83501678647142	1.69706226400228
hsa-miR-34c-5p	1.03353351154896	1.1577182762038	0	25.2134964937481
hsa-miR-431-5p	0.861277926290802	0.165388325171971	0	1.45462479771624
hsa-miR-27a-5p	0.861277926290802	0.330776650343942	0	0.727312398858119
hsa-miR-185-3p	0.861277926290802	1.1577182762038	1.04858102084081	0
hsa-miR-24-2-5p	0.861277926290802	0.330776650343942	0	2.18193719657436
hsa-miR-132-5p	0.861277926290802	9.26174620963036	1.04858102084081	13.3340606457322
hsa-miR-182-5p	0.861277926290802	43.9932944957442	189.531019516976	582.577231485354
hsa-miR-610	0.861277926290802	0	0	0
hsa-miR-3909	0.861277926290802	0.330776650343942	0	1.93949973028832
hsa-miR-1291	0.861277926290802	3.14237817826744	14.6801342917713	3.87899946057664
hsa-miR-377-3p	0.861277926290802	0	0	0.48487493257208
hsa-miR-3117-3p	0.861277926290802	0.165388325171971	0	0.48487493257208
hsa-miR-1285-3p	0.861277926290802	16.3734441920251	1.57287153126121	1.45462479771624
hsa-let-7e-3p	0.861277926290802	0.165388325171971	0.262145255210202	1.45462479771624
hsa-miR-3187-3p	0.861277926290802	0.992329951031825	0.524290510420405	1.2121873314302
hsa-miR-502-3p	0.861277926290802	14.4714784525474	3.40788831773263	10.1823735840137
hsa-miR-499a-5p	0.861277926290802	3.30776650343942	0	7.51556145486724
hsa-miR-324-5p	0.861277926290802	8.93096955928642	0.262145255210202	1.45462479771624
hsa-miR-342-3p	0.689022341032641	5.12703808033109	1.04858102084081	2.4243746628604
hsa-miR-450a-5p	0.689022341032641	18.1927157689168	2.09716204168162	8.48531132001139
hsa-miR-3605-3p	0.689022341032641	0.826941625859854	0.262145255210202	1.45462479771624
hsa-miR-455-3p	0.689022341032641	0.496164975515912	0	0.727312398858119
hsa-miR-3177-3p	0.689022341032641	3.80393147895533	1.83501678647142	2.18193719657436
hsa-miR-154-5p	0.689022341032641	0	0	0.48487493257208
hsa-miR-145-3p	0.689022341032641	1.65388325171971	0	4.36387439314872
hsa-miR-616-3p	0.689022341032641	0.165388325171971	0	0
hsa-miR-3190-3p	0.689022341032641	0.496164975515912	0	0.727312398858119
hsa-miR-1306-5p	0.689022341032641	1.98465990206365	0.262145255210202	0.48487493257208
hsa-miR-6747-3p	0.689022341032641	0.661553300687883	0.524290510420405	0.727312398858119
hsa-miR-494-5p	0.689022341032641	0	0	0.48487493257208
hsa-miR-331-5p	0.689022341032641	1.1577182762038	0	0.727312398858119
hsa-miR-655-3p	0.689022341032641	0	0	0.24243746628604
hsa-miR-206	0.689022341032641	7.44247463273869	1.31072627605101	1.45462479771624
hsa-miR-30c-2-3p	0.689022341032641	0.661553300687883	0	3.39412452800456
hsa-miR-329-5p	0.689022341032641	1.32310660137577	0	0.48487493257208
hsa-miR-4421	0.689022341032641	0.496164975515912	0	2.18193719657436
hsa-miR-487a-3p	0.516766755774481	0.165388325171971	0	0.24243746628604
hsa-miR-4470	0.516766755774481	0	0	0.24243746628604
hsa-miR-326	0.516766755774481	0.165388325171971	0	0.969749865144159
hsa-miR-660-5p	0.516766755774481	45.481789422292	4.98075984899385	57.2152420435054
hsa-miR-1294	0.516766755774481	1.98465990206365	0	1.93949973028832
hsa-miR-23b-5p	0.516766755774481	2.31543655240759	0.524290510420405	1.2121873314302
hsa-miR-3617-5p	0.516766755774481	0	0	0
hsa-miR-486-3p	0.516766755774481	0	0	0
hsa-miR-6509-5p	0.516766755774481	0	0	0
hsa-miR-200c-3p	0.516766755774481	9.42713453480233	1.57287153126121	11.3945609154439
hsa-miR-424-5p	0.516766755774481	36.8815965133495	0	3.6365619942906
hsa-miR-337-3p	0.516766755774481	0	0	0.48487493257208
hsa-miR-222-5p	0.516766755774481	0	0	0.24243746628604
hsa-miR-92b-5p	0.516766755774481	0.992329951031825	1.31072627605101	2.4243746628604
hsa-miR-4661-5p	0.516766755774481	0.826941625859854	0.524290510420405	2.66681212914644
hsa-miR-4746-5p	0.516766755774481	2.15004822723562	1.31072627605101	0
hsa-miR-760	0.516766755774481	3.9693198041273	1.04858102084081	3.6365619942906
hsa-miR-505-5p	0.516766755774481	8.26941625859854	0.786435765630607	1.93949973028832
hsa-miR-1306-3p	0.516766755774481	4.79626142998715	1.31072627605101	0.969749865144159
hsa-miR-496	0.516766755774481	0	0	0.727312398858119
hsa-miR-296-3p	0.516766755774481	8.26941625859854	0.262145255210202	3.15168706171852
hsa-miR-146b-3p	0.516766755774481	0.330776650343942	0	0.24243746628604
hsa-miR-6808-3p	0.516766755774481	0.330776650343942	0	0
hsa-miR-4647	0.516766755774481	1.98465990206365	0.262145255210202	0
hsa-miR-378g	0.430638963145401	4.30009645447124	1.17965364844591	1.45462479771624
hsa-miR-337-5p	0.344511170516321	0.165388325171971	0	0
hsa-miR-615-5p	0.344511170516321	0	0	0
hsa-miR-374b-5p	0.344511170516321	5.95397970619095	1.04858102084081	2.18193719657436
hsa-miR-181c-3p	0.344511170516321	3.72123731636934	0.786435765630607	2.18193719657436
hsa-miR-5697	0.344511170516321	0.661553300687883	0.786435765630607	0.24243746628604
hsa-miR-151a-5p	0.344511170516321	7.85594544566861	0	0.969749865144159
hsa-miR-372-3p	0.344511170516321	0	0	4.8487493257208
hsa-miR-1343-3p	0.344511170516321	0	0	0.24243746628604
hsa-miR-943	0.344511170516321	0.330776650343942	0	0
hsa-miR-375	0.344511170516321	2.15004822723562	1.04858102084081	13.3340606457322
hsa-miR-299-5p	0.344511170516321	0	0	0
hsa-miR-3174	0.344511170516321	0.992329951031825	0.262145255210202	0.48487493257208
hsa-miR-4758-3p	0.344511170516321	0	0	0
hsa-miR-380-5p	0.344511170516321	0	0	0
hsa-miR-331-3p	0.344511170516321	1.48849492654774	0	0.969749865144159
hsa-miR-148b-5p	0.344511170516321	0.826941625859854	0	1.93949973028832
hsa-miR-668-3p	0.344511170516321	0	0	0
hsa-miR-6516-3p	0.344511170516321	4.13470812929927	2.62145255210202	0.48487493257208
hsa-miR-190b	0.344511170516321	0.496164975515912	0	7.03068652229516
hsa-miR-15a-5p	0.344511170516321	10.2540761606622	0	3.87899946057664
hsa-miR-218-5p	0.344511170516321	0.826941625859854	0	10.4248110502997
hsa-miR-671-5p	0.344511170516321	0.992329951031825	0.786435765630607	1.93949973028832
hsa-miR-3124-5p	0.344511170516321	0.661553300687883	0.262145255210202	0
hsa-miR-29c-3p	0.344511170516321	0.330776650343942	0	0.24243746628604
hsa-miR-5187-5p	0.344511170516321	0.661553300687883	0	0
hsa-miR-449c-5p	0.344511170516321	6.11936803136292	0.262145255210202	2.18193719657436
hsa-miR-642a-3p	0.344511170516321	0.248082487757956	0	2.18193719657436
hsa-miR-3653-3p	0.344511170516321	0	0	0
hsa-miR-3681-5p	0.344511170516321	0	0	0
hsa-miR-1248	0.344511170516321	0.165388325171971	1.83501678647142	2.90924959543248
hsa-miR-1304-3p	0.344511170516321	0	0	0
hsa-miR-139-5p	0.344511170516321	1.48849492654774	0	13.5764981120182
hsa-miR-6807-5p	0.344511170516321	2.8116015279235	0	0
hsa-miR-539-3p	0.344511170516321	0.826941625859854	0	0.727312398858119
hsa-miR-93-3p	0.344511170516321	0.992329951031825	0.524290510420405	0.48487493257208
hsa-miR-548l	0.344511170516321	1.90196573947766	0	0.24243746628604
hsa-miR-4683	0.344511170516321	0.330776650343942	0	0.24243746628604
hsa-miR-512-3p	0.344511170516321	0	0	0.48487493257208
hsa-miR-1323	0.344511170516321	0	0	0
hsa-miR-6818-3p	0.344511170516321	0.165388325171971	0	0.24243746628604
hsa-miR-6787-3p	0.344511170516321	0	0	0
hsa-miR-138-5p	0.344511170516321	14.0580076396175	0.524290510420405	0.24243746628604
hsa-miR-5002-5p	0.344511170516321	0	0	0.727312398858119
hsa-miR-452-5p	0.344511170516321	0.165388325171971	0	5.81849919086496
hsa-miR-937-3p	0.344511170516321	3.30776650343942	0.524290510420405	2.4243746628604
hsa-miR-1185-2-3p	0.25838337788724	0	0	0
hsa-mir-320b-1	0.180868364521068	0.192953046033966	0	0.048487493257208
hsa-mir-320a	0.180868364521068	0.758029823704866	0	0.048487493257208
hsa-miR-7854-3p	0.17225558525816	0.661553300687883	0.262145255210202	0.48487493257208
hsa-miR-6733-5p	0.17225558525816	0	0	0.24243746628604
hsa-miR-410-5p	0.17225558525816	0.165388325171971	0	0
hsa-miR-4791	0.17225558525816	0	1.57287153126121	0
hsa-miR-888-5p	0.17225558525816	0.330776650343942	0	0
hsa-miR-517a-3p|hsa-miR-517b-3p	0.17225558525816	0	0	0
hsa-miR-335-5p	0.17225558525816	6.94630965722277	0.262145255210202	0.727312398858119
hsa-miR-3159	0.17225558525816	0	0	0.48487493257208
hsa-miR-4286	0.17225558525816	0.165388325171971	0	0.48487493257208
hsa-miR-765	0.17225558525816	0.496164975515912	0	0.24243746628604
hsa-miR-758-3p	0.17225558525816	1.48849492654774	0	0.727312398858119
hsa-miR-508-3p	0.17225558525816	0	0	0.24243746628604
hsa-miR-203a-3p	0.17225558525816	0.496164975515912	0.262145255210202	1.93949973028832
hsa-miR-191-3p	0.17225558525816	0.330776650343942	0	1.2121873314302
hsa-miR-324-3p	0.17225558525816	2.15004822723562	0.524290510420405	1.93949973028832
hsa-miR-4669	0.17225558525816	0.330776650343942	0	0
hsa-miR-378e	0.17225558525816	7.31016397260111	1.04858102084081	1.69706226400228
hsa-miR-450a-2-3p	0.17225558525816	5.78859138101898	0.786435765630607	3.39412452800456
hsa-miR-196a-3p	0.17225558525816	0.165388325171971	0	2.18193719657436
hsa-miR-6755-5p	0.17225558525816	0.165388325171971	0	0
hsa-miR-4775	0.17225558525816	0	0	0
hsa-miR-1538	0.17225558525816	0.661553300687883	0.262145255210202	0
hsa-miR-365b-5p	0.17225558525816	0	0	0.24243746628604
hsa-miR-4437	0.17225558525816	0	0	0
hsa-miR-504-5p	0.17225558525816	0.992329951031825	1.31072627605101	1.2121873314302
hsa-miR-2392	0.17225558525816	0	0	0
hsa-miR-597-5p	0.17225558525816	0	0	0
hsa-miR-1278	0.17225558525816	0.992329951031825	0.262145255210202	3.39412452800456
hsa-miR-4804-5p	0.17225558525816	0	0	0
hsa-miR-6882-5p	0.17225558525816	0.826941625859854	0	0.24243746628604
hsa-miR-1827	0.17225558525816	1.65388325171971	0.786435765630607	0.969749865144159
hsa-miR-200b-3p	0.17225558525816	2.31543655240759	0	2.18193719657436
hsa-miR-129-5p	0.17225558525816	8.10402793342657	1.04858102084081	6.54581158972308
hsa-miR-1276	0.17225558525816	1.81927157689168	0.524290510420405	0
hsa-miR-6515-5p	0.17225558525816	0.165388325171971	0	0.24243746628604
hsa-miR-6866-5p	0.17225558525816	2.8116015279235	0.524290510420405	0.727312398858119
hsa-miR-6716-3p	0.17225558525816	0	0	0.24243746628604
hsa-miR-549a	0.17225558525816	0	0	0
hsa-miR-6868-3p	0.17225558525816	1.98465990206365	0.262145255210202	0
hsa-miR-205-5p	0.17225558525816	0	0.262145255210202	0.48487493257208
hsa-miR-518e-5p|hsa-miR-519a-5p|hsa-miR-519b-5p|hsa-miR-519c-5p|hsa-miR-522-5p|hsa-miR-523-5p	0.17225558525816	0	0	0.24243746628604
hsa-miR-550a-3-5p	0.17225558525816	1.48849492654774	0	0.12121873314302
hsa-miR-450a-1-3p	0.17225558525816	1.48849492654774	0	0.24243746628604
hsa-miR-296-5p	0.17225558525816	0.661553300687883	0	0
hsa-miR-935	0.17225558525816	0.330776650343942	0.524290510420405	1.93949973028832
hsa-miR-548az-5p	0.17225558525816	0.496164975515912	0	0
hsa-miR-380-3p	0.17225558525816	0	0	0
hsa-miR-4525	0.17225558525816	0.330776650343942	0	0
hsa-miR-2277-3p	0.17225558525816	0	0	0.24243746628604
hsa-miR-6728-5p	0.17225558525816	0	0.262145255210202	0
hsa-miR-4742-3p	0.17225558525816	0	0	0
hsa-miR-3682-3p	0.17225558525816	0.165388325171971	0	0
hsa-miR-6762-3p	0.17225558525816	0	0	0
hsa-miR-3659	0.17225558525816	1.1577182762038	0	0
hsa-miR-6500-3p	0.17225558525816	1.1577182762038	0.262145255210202	7.2731239885812
hsa-miR-504-3p	0.17225558525816	0.165388325171971	0	0
hsa-miR-6804-5p	0.17225558525816	0.330776650343942	0	0
hsa-miR-4753-5p	0.17225558525816	0	0	0.48487493257208
hsa-miR-3150a-5p	0.17225558525816	1.1577182762038	0	1.2121873314302
hsa-miR-3661	0.17225558525816	0.330776650343942	0.262145255210202	0
hsa-miR-497-5p	0.17225558525816	0	0.524290510420405	3.6365619942906
hsa-miR-6514-5p	0.17225558525816	0.496164975515912	0.786435765630607	1.45462479771624
hsa-miR-4498	0.17225558525816	0.165388325171971	0	0
hsa-miR-338-5p	0.17225558525816	37.7085381392093	0.262145255210202	2.4243746628604
hsa-miR-3200-5p	0.17225558525816	0	0	1.45462479771624
hsa-miR-3191-3p	0.17225558525816	0	0	0.24243746628604
hsa-miR-6852-5p	0.17225558525816	0	0.262145255210202	0.24243746628604
hsa-miR-138-1-3p	0.17225558525816	1.32310660137577	0	0
hsa-miR-19a-3p	0.17225558525816	23.3197538492479	0.262145255210202	4.00021819371966
hsa-miR-891a-5p	0.17225558525816	0.661553300687883	0	0.24243746628604
hsa-miR-526b-5p	0.17225558525816	0	0	0
hsa-miR-4662a-5p	0.17225558525816	0.661553300687883	0	1.2121873314302
hsa-miR-6767-5p	0.17225558525816	0.826941625859854	0	0
hsa-miR-365a-5p	0.17225558525816	0	0	0.24243746628604
hsa-miR-143-5p	0.17225558525816	0	0	0
hsa-miR-6875-5p	0.17225558525816	0	0	0
hsa-miR-6783-3p	0.17225558525816	0	0	0
hsa-miR-4511	0.17225558525816	0.496164975515912	0	0
hsa-miR-1245a	0.17225558525816	0	0	0
hsa-miR-3689a-5p|hsa-miR-3689b-5p|hsa-miR-3689e	0.17225558525816	0	0	0.24243746628604
hsa-miR-3151-5p	0.17225558525816	0.330776650343942	0.262145255210202	0
hsa-miR-194-5p	0.17225558525816	1.1577182762038	0	1.93949973028832
hsa-miR-4510	0.17225558525816	2.15004822723562	0.262145255210202	0.848531132001139
hsa-miR-330-5p	0.17225558525816	0.661553300687883	0	0.727312398858119
hsa-miR-516b-5p	0.17225558525816	0	0	0
hsa-miR-6780a-5p	0.17225558525816	0.330776650343942	0	0.24243746628604
hsa-miR-3180|hsa-miR-3180-3p	0.17225558525816	0.165388325171971	0	0
hsa-miR-196b-5p	0.17225558525816	31.2583934575025	1.04858102084081	3.15168706171852
hsa-miR-4688	0.17225558525816	0	0	0
hsa-miR-1303	0.17225558525816	29.7698985309547	9.17508393235709	8.00043638743931
hsa-miR-1229-3p	0.17225558525816	0	0	0
hsa-miR-374b-3p	0.17225558525816	0	0	0
hsa-miR-4659a-3p	0.17225558525816	0.165388325171971	0	0
hsa-miR-4665-5p	0.17225558525816	0	0	0.48487493257208
hsa-miR-6510-3p	0.17225558525816	0	0	0
hsa-miR-1270	0.17225558525816	6.28475635653489	0.262145255210202	0.24243746628604
hsa-miR-548n	0.17225558525816	0.578859138101898	0	0.12121873314302
hsa-miR-212-3p	0.17225558525816	0.496164975515912	0	0.727312398858119
hsa-miR-3132	0.17225558525816	0	0	0.24243746628604
hsa-miR-551b-5p	0.17225558525816	0.992329951031825	0.262145255210202	0.24243746628604
hsa-miR-379-3p	0.17225558525816	0	0	0
hsa-miR-937-5p	0.17225558525816	0	0	0
hsa-miR-4741	0.17225558525816	0	0	0
hsa-miR-592	0.17225558525816	0	0	0
hsa-miR-4793-3p	0.17225558525816	0.165388325171971	0	0
hsa-miR-7-1-3p	0.17225558525816	1.32310660137577	0	1.2121873314302
hsa-miR-3140-3p	0.17225558525816	0.661553300687883	0	0
hsa-miR-500b-3p	0.17225558525816	1.48849492654774	0	0
hsa-miR-550a-3-5p|hsa-miR-550a-5p	0.17225558525816	8.35211042118453	1.57287153126121	2.54559339600342
hsa-miR-30b-3p	0.17225558525816	0.165388325171971	0	0.48487493257208
hsa-miR-4709-5p	0.17225558525816	0	0	0.969749865144159
hsa-miR-30d-3p	0.17225558525816	0.826941625859854	0	0.24243746628604
hsa-miR-33b-3p	0.17225558525816	0	0	0.24243746628604
hsa-miR-4435	0.17225558525816	0.165388325171971	0	0.48487493257208
hsa-miR-758-5p	0.17225558525816	0	0	0
hsa-let-7f-2-3p	0.17225558525816	1.48849492654774	0	0.727312398858119
hsa-miR-23a-5p	0.17225558525816	0	0	0
hsa-miR-5587-3p	0.17225558525816	0.165388325171971	0	0
hsa-miR-15b-5p	0.17225558525816	6.94630965722277	0.262145255210202	4.12143692686268
hsa-mir-320b-2	0.137804468206528	0.647770940256886	0	0.048487493257208
hsa-mir-30a	0.0861277926290802	0	0	0
hsa-mir-146b	0.0861277926290802	0	0	0
hsa-let-7c	0.0861277926290802	0.413470812929927	0.262145255210202	0.6060936657151
hsa-miR-106a-5p	0.0861277926290802	2.8116015279235	1.83501678647142	6.42459285658006
hsa-mir-378c	0.0574185284193868	4.96716269933152	0.393217882815304	1.69706226400228
hsa-miR-378d	0.0574185284193868	5.48537945153703	2.22823466928672	1.93949973028832
hsa-let-7a-2	0.0344511170516321	0.151605964740973	0	0.109096859828718
hsa-let-7a-1	0.0344511170516321	0.124041243878978	0.131072627605101	0.351534326114758
hsa-let-7a-3	0.0344511170516321	0.192953046033966	0.131072627605101	0.109096859828718
hsa-miR-219a-2-3p	0	381.220089521393	0	4.60631185943476
hsa-miR-9-3p	0	210.043172968403	46.9240006826262	255.529089465486
hsa-miR-483-5p	0	50.939604152967	0	2.90924959543248
hsa-miR-95-3p	0	23.1543655240759	7.07792189067547	62.7913037680843
hsa-miR-204-3p	0	21.8312589227001	0	0.24243746628604
hsa-miR-598-3p	0	15.0503375906493	0.786435765630607	36.365619942906
hsa-miR-378c	0	14.1958312439275	2.62145255210202	3.87899946057664
hsa-miR-204-5p	0	12.4041243878978	0	0.727312398858119
hsa-miR-1269a	0	11.9079594123819	0	0
hsa-miR-501-5p	0	10.2540761606622	2.35930729689182	1.45462479771624
hsa-miR-18a-5p	0	10.0886878354902	0	1.2121873314302
hsa-miR-942-5p	0	8.93096955928642	1.04858102084081	3.15168706171852
hsa-miR-335-3p	0	8.60019290894248	1.83501678647142	0.24243746628604
hsa-miR-340-3p	0	7.27708630756671	0.262145255210202	5.09118679200684
hsa-miR-548av-3p|hsa-miR-548o-3p	0	6.36745051912088	0.218454379341835	2.06071846343134
hsa-miR-577	0	5.95397970619095	0	0.48487493257208
hsa-miR-378f	0	5.62320305584701	1.83501678647142	1.69706226400228
hsa-miR-181c-5p	0	4.96164975515912	0	0.24243746628604
hsa-miR-3691-5p	0	4.63087310481518	0.786435765630607	0.48487493257208
hsa-miR-124-3p	0	4.30009645447124	0	0.24243746628604
hsa-miR-2681-5p	0	3.9693198041273	0	0.48487493257208
hsa-miR-32-5p	0	3.80393147895533	0.262145255210202	3.15168706171852
hsa-miR-383-5p	0	3.14237817826744	0	0
hsa-miR-766-5p	0	3.14237817826744	0	0.48487493257208
hsa-miR-17-3p	0	3.14237817826744	0	0
hsa-miR-33a-5p	0	3.14237817826744	0.524290510420405	0.24243746628604
hsa-miR-147b	0	2.97698985309547	0.262145255210202	2.18193719657436
hsa-miR-20b-5p	0	2.89429569050949	0.262145255210202	7.8792176542963
hsa-miR-1304-5p	0	2.8116015279235	0	0
hsa-miR-18a-3p	0	2.8116015279235	0	0
hsa-miR-3120-3p	0	2.48082487757956	0	2.18193719657436
hsa-miR-96-5p	0	2.48082487757956	0.262145255210202	8.48531132001139
hsa-miR-338-3p	0	2.48082487757956	0	0.24243746628604
hsa-miR-4705	0	2.31543655240759	0	0.24243746628604
hsa-miR-31-5p	0	2.15004822723562	0	3.39412452800456
hsa-miR-378a-5p	0	2.15004822723562	0.524290510420405	0.969749865144159
hsa-miR-1250-5p	0	2.15004822723562	0.262145255210202	0.24243746628604
hsa-miR-3164	0	1.98465990206365	0.262145255210202	0
hsa-miR-3529-5p	0	1.98465990206365	0	0
hsa-miR-454-3p	0	1.98465990206365	1.31072627605101	0.48487493257208
hsa-miR-362-5p	0	1.81927157689168	0.786435765630607	2.18193719657436
hsa-miR-216b-5p	0	1.81927157689168	0	0
hsa-miR-454-5p	0	1.65388325171971	0.786435765630607	1.69706226400228
hsa-miR-378h	0	1.65388325171971	0.524290510420405	0.24243746628604
hsa-miR-2355-3p	0	1.48849492654774	0	0.24243746628604
hsa-miR-6720-3p	0	1.48849492654774	0.262145255210202	0.24243746628604
hsa-miR-3937	0	1.48849492654774	0	0
hsa-miR-3911	0	1.48849492654774	0	0
hsa-miR-7976	0	1.48849492654774	0	0.24243746628604
hsa-miR-378i	0	1.48849492654774	0.524290510420405	1.45462479771624
hsa-miR-187-3p	0	1.32310660137577	0	7.51556145486724
hsa-miR-548e-3p	0	1.32310660137577	0	0.727312398858119
hsa-miR-200a-3p	0	1.32310660137577	0	5.09118679200684
hsa-miR-873-3p	0	1.32310660137577	0	0
hsa-miR-3188	0	1.1577182762038	0	0
hsa-miR-548b-5p	0	1.1577182762038	0	0.24243746628604
hsa-miR-618	0	1.1577182762038	0.262145255210202	0
hsa-miR-3622a-5p	0	1.1577182762038	0	0.48487493257208
hsa-miR-676-3p	0	1.1577182762038	0	0
hsa-miR-363-3p	0	1.1577182762038	2.88359780731223	14.5462479771624
hsa-miR-4473	0	1.1577182762038	0	0.727312398858119
hsa-miR-3192-5p	0	0.992329951031825	0	0
hsa-miR-1910-3p	0	0.992329951031825	0	0
hsa-miR-1288-3p	0	0.992329951031825	0	0.24243746628604
hsa-miR-548av-5p|hsa-miR-548k	0	0.992329951031825	0	0.24243746628604
hsa-miR-544b	0	0.992329951031825	0	0.727312398858119
hsa-miR-548u	0	0.992329951031825	0	0
hsa-miR-1299	0	0.992329951031825	0.786435765630607	0.24243746628604
hsa-miR-3127-5p	0	0.992329951031825	0	0
hsa-miR-579-5p	0	0.992329951031825	0	0.24243746628604
hsa-miR-2276-3p	0	0.992329951031825	0	0.24243746628604
hsa-miR-3613-3p	0	0.992329951031825	0	0.24243746628604
hsa-miR-3591-5p	0	0.992329951031825	0	0.24243746628604
hsa-miR-3149	0	0.826941625859854	0	0.969749865144159
hsa-miR-6516-5p	0	0.826941625859854	0	0
hsa-miR-664a-3p	0	0.826941625859854	0	0.24243746628604
hsa-miR-769-3p	0	0.826941625859854	0	0
hsa-miR-301b-3p	0	0.826941625859854	0.262145255210202	1.2121873314302
hsa-miR-2682-5p	0	0.826941625859854	0	0.24243746628604
hsa-miR-3176	0	0.826941625859854	0	0
hsa-miR-4738-3p	0	0.826941625859854	0	0.24243746628604
hsa-miR-4504	0	0.826941625859854	0	0
hsa-miR-4684-3p	0	0.826941625859854	0	0
hsa-miR-3173-5p	0	0.826941625859854	0	0
hsa-miR-1307-5p	0	0.826941625859854	0.262145255210202	1.45462479771624
hsa-miR-217	0	0.826941625859854	0	0
hsa-miR-628-5p	0	0.826941625859854	0	0
hsa-miR-3609	0	0.826941625859854	0.262145255210202	0.727312398858119
hsa-miR-532-3p	0	0.826941625859854	0.524290510420405	2.4243746628604
hsa-miR-3146	0	0.826941625859854	0.262145255210202	0
hsa-miR-200b-5p	0	0.826941625859854	0	0
hsa-miR-215-5p	0	0.744247463273868	0.131072627605101	6.42459285658006
hsa-let-7f-1-3p	0	0.661553300687883	0.262145255210202	0.969749865144159
hsa-miR-34a-5p	0	0.661553300687883	0	5.81849919086496
hsa-miR-99a-3p	0	0.661553300687883	0	0
hsa-miR-1266-5p	0	0.661553300687883	1.04858102084081	0.24243746628604
hsa-miR-3065-5p	0	0.661553300687883	0	0
hsa-miR-3121-3p	0	0.661553300687883	0	0.24243746628604
hsa-miR-6847-5p	0	0.661553300687883	0.786435765630607	0
hsa-miR-3913-5p	0	0.661553300687883	0	0.24243746628604
hsa-miR-3148	0	0.661553300687883	0	5.09118679200684
hsa-miR-4660	0	0.661553300687883	0	0
hsa-miR-548ah-3p|hsa-miR-548av-3p	0	0.661553300687883	0	0
hsa-miR-500a-5p	0	0.661553300687883	0	0
hsa-miR-137	0	0.661553300687883	0	0.24243746628604
hsa-miR-4440	0	0.661553300687883	0.262145255210202	0
hsa-miR-3065-3p	0	0.661553300687883	0	1.2121873314302
hsa-mir-151b	0	0.578859138101898	0	0
hsa-miR-4760-5p	0	0.496164975515912	0	0
hsa-miR-885-3p	0	0.496164975515912	0	0
hsa-miR-548am-3p	0	0.496164975515912	0.0873817517367342	0.12121873314302
hsa-miR-1286	0	0.496164975515912	0	0
hsa-miR-3929	0	0.496164975515912	0	0
hsa-miR-135a-3p	0	0.496164975515912	0.524290510420405	0
hsa-miR-5001-3p	0	0.496164975515912	0	0.48487493257208
hsa-miR-219a-5p	0	0.496164975515912	0	1.45462479771624
hsa-miR-488-3p	0	0.496164975515912	0	0
hsa-miR-548q	0	0.496164975515912	0	0
hsa-miR-1295a	0	0.496164975515912	0	0
hsa-miR-892c-3p	0	0.496164975515912	0	0
hsa-miR-509-3p	0	0.496164975515912	0	0.24243746628604
hsa-miR-378b	0	0.496164975515912	0.262145255210202	0.727312398858119
hsa-miR-548ap-5p|hsa-miR-548j-5p	0	0.496164975515912	0	0.727312398858119
hsa-miR-885-5p	0	0.496164975515912	0.524290510420405	0.48487493257208
hsa-miR-5009-5p	0	0.496164975515912	0	0
hsa-miR-889-5p	0	0.496164975515912	0	0
hsa-miR-6735-5p	0	0.496164975515912	0	0
hsa-miR-548an	0	0.496164975515912	0	0
hsa-miR-6827-5p	0	0.496164975515912	0	0
hsa-miR-181b-2-3p	0	0.496164975515912	0	0
hsa-miR-1908-5p	0	0.496164975515912	0.262145255210202	0.727312398858119
hsa-miR-5194	0	0.496164975515912	0	0
hsa-miR-548ao-3p	0	0.496164975515912	0	0
hsa-miR-641	0	0.496164975515912	0.524290510420405	2.18193719657436
hsa-miR-4474-3p	0	0.496164975515912	0	0
hsa-miR-24-1-5p	0	0.496164975515912	0	0.24243746628604
hsa-miR-3120-5p	0	0.496164975515912	0	0.48487493257208
hsa-miR-3179	0	0.496164975515912	0	0.48487493257208
hsa-miR-2278	0	0.330776650343942	0	0
hsa-miR-5680	0	0.330776650343942	0	0
hsa-miR-3145-3p	0	0.330776650343942	0	0.48487493257208
hsa-miR-301a-5p	0	0.330776650343942	0.524290510420405	1.45462479771624
hsa-miR-126-5p	0	0.330776650343942	0	1.2121873314302
hsa-miR-200a-5p	0	0.330776650343942	0	0.24243746628604
hsa-miR-6505-3p	0	0.330776650343942	0	0
hsa-miR-188-5p	0	0.330776650343942	0	0.969749865144159
hsa-miR-26b-3p	0	0.330776650343942	0	0
hsa-miR-1914-5p	0	0.330776650343942	0	0
hsa-miR-3144-3p	0	0.330776650343942	1.31072627605101	0
hsa-miR-154-3p	0	0.330776650343942	0	0
hsa-miR-1910-5p	0	0.330776650343942	0.262145255210202	0
hsa-miR-6511b-5p	0	0.330776650343942	0	0
hsa-miR-1226-3p	0	0.330776650343942	0	0.24243746628604
hsa-miR-1260b	0	0.330776650343942	0	0.24243746628604
hsa-miR-98-3p	0	0.330776650343942	0.262145255210202	0.24243746628604
hsa-miR-3144-5p	0	0.330776650343942	0.786435765630607	0
hsa-miR-6772-3p	0	0.330776650343942	0	0
hsa-miR-3138	0	0.330776650343942	0	0
hsa-miR-449a	0	0.330776650343942	0	0.24243746628604
hsa-miR-195-5p	0	0.330776650343942	0	1.45462479771624
hsa-miR-3688-3p	0	0.330776650343942	0	0
hsa-miR-195-3p	0	0.330776650343942	1.31072627605101	9.21262371886951
hsa-miR-940	0	0.330776650343942	0	0
hsa-miR-135a-5p	0	0.330776650343942	0	2.18193719657436
hsa-miR-7978	0	0.330776650343942	0.262145255210202	0
hsa-miR-576-5p	0	0.330776650343942	0	0
hsa-miR-374a-5p	0	0.330776650343942	0	0
hsa-miR-7977	0	0.330776650343942	0	0.24243746628604
hsa-miR-4639-5p	0	0.330776650343942	0	0
hsa-miR-1197	0	0.330776650343942	0	0
hsa-miR-6806-3p	0	0.330776650343942	0	0
hsa-miR-892a	0	0.330776650343942	0	0.48487493257208
hsa-miR-212-5p	0	0.330776650343942	0	1.2121873314302
hsa-miR-6737-3p	0	0.330776650343942	0	0
hsa-miR-4477b	0	0.330776650343942	0.262145255210202	0.969749865144159
hsa-miR-1185-5p	0	0.330776650343942	0	0
hsa-miR-744-3p	0	0.330776650343942	0	0.24243746628604
hsa-miR-4773	0	0.330776650343942	0	0
hsa-miR-590-3p	0	0.330776650343942	0	0
hsa-miR-483-3p	0	0.330776650343942	0	0
hsa-miR-139-3p	0	0.330776650343942	0	1.45462479771624
hsa-miR-4454	0	0.330776650343942	0	0.48487493257208
hsa-miR-1224-5p	0	0.330776650343942	0	0
hsa-miR-1254	0	0.330776650343942	0.262145255210202	0.48487493257208
hsa-miR-548at-5p	0	0.330776650343942	0	0
hsa-miR-4799-5p	0	0.330776650343942	0	0
hsa-miR-3127-3p	0	0.330776650343942	0.262145255210202	0
hsa-miR-4797-5p	0	0.330776650343942	0	0
hsa-miR-581	0	0.330776650343942	0	0
hsa-miR-128-1-5p	0	0.330776650343942	0	0
hsa-miR-6842-3p	0	0.330776650343942	0	6.060936657151
hsa-miR-548ab	0	0.248082487757956	0	0.12121873314302
hsa-miR-6820-5p	0	0.165388325171971	0	0
hsa-miR-29b-2-5p	0	0.165388325171971	0	0
hsa-miR-6826-5p	0	0.165388325171971	0	0
hsa-miR-6857-3p	0	0.165388325171971	0	0
hsa-miR-3064-5p	0	0.165388325171971	1.04858102084081	0
hsa-miR-92a-1-5p	0	0.165388325171971	0	0
hsa-miR-511-5p	0	0.165388325171971	0	0
hsa-miR-135b-5p	0	0.165388325171971	0	1.45462479771624
hsa-miR-4797-3p	0	0.165388325171971	0	0
hsa-miR-6794-3p	0	0.165388325171971	0	0
hsa-miR-3675-3p	0	0.165388325171971	0	0
hsa-miR-223-5p	0	0.165388325171971	0	0
hsa-miR-129-2-3p	0	0.165388325171971	0	0
hsa-miR-542-5p	0	0.165388325171971	0	0
hsa-miR-376b-3p	0	0.165388325171971	0	0
hsa-miR-6786-3p	0	0.165388325171971	0	0
hsa-miR-548ai|hsa-miR-570-5p	0	0.165388325171971	0	0
hsa-miR-548ah-5p	0	0.165388325171971	0	0
hsa-miR-887-5p	0	0.165388325171971	0.262145255210202	0.48487493257208
hsa-miR-422a	0	0.165388325171971	0	0.24243746628604
hsa-miR-3163	0	0.165388325171971	0	0.24243746628604
hsa-miR-4729	0	0.165388325171971	0	0
hsa-miR-374a-3p	0	0.165388325171971	0	0.24243746628604
hsa-miR-6853-3p	0	0.165388325171971	0	0
hsa-miR-3154	0	0.165388325171971	0	0
hsa-miR-6511b-3p	0	0.165388325171971	0	0
hsa-miR-3126-5p	0	0.165388325171971	0	0
hsa-miR-4636	0	0.165388325171971	0	0
hsa-miR-3183	0	0.165388325171971	0	0
hsa-miR-1255b-5p	0	0.165388325171971	0	0.24243746628604
hsa-miR-7114-5p	0	0.165388325171971	0	0
hsa-miR-3184-5p	0	0.165388325171971	0	0
hsa-miR-6880-3p	0	0.165388325171971	0	0
hsa-miR-3944-3p	0	0.165388325171971	0	0
hsa-miR-6759-5p	0	0.165388325171971	0	0
hsa-miR-766-3p	0	0.165388325171971	0	0.24243746628604
hsa-miR-373-3p	0	0.165388325171971	0	0.24243746628604
hsa-miR-625-5p	0	0.165388325171971	0	0.24243746628604
hsa-miR-4784	0	0.165388325171971	0	0.24243746628604
hsa-miR-5010-3p	0	0.165388325171971	0	0
hsa-miR-6877-5p	0	0.165388325171971	0	0
hsa-miR-3173-3p	0	0.165388325171971	0	0
hsa-miR-1255a	0	0.165388325171971	0.524290510420405	0.969749865144159
hsa-miR-6505-5p	0	0.165388325171971	0	0
hsa-miR-4677-3p	0	0.165388325171971	0.262145255210202	0.48487493257208
hsa-miR-548at-3p	0	0.165388325171971	0	0
hsa-miR-19b-1-5p	0	0.165388325171971	0	0
hsa-miR-3167	0	0.165388325171971	0	0
hsa-miR-378j	0	0.165388325171971	0	0
hsa-miR-5688	0	0.165388325171971	0	0
hsa-miR-186-3p	0	0.165388325171971	0	0
hsa-miR-181b-3p	0	0.165388325171971	0	0.24243746628604
hsa-miR-429	0	0.165388325171971	0	0.24243746628604
hsa-miR-182-3p	0	0.165388325171971	0	0.48487493257208
hsa-miR-3619-3p	0	0.165388325171971	0	0
hsa-miR-500a-5p|hsa-miR-500b-5p	0	0.165388325171971	0	0
hsa-miR-509-3-5p	0	0.165388325171971	0	0.48487493257208
hsa-miR-4731-5p	0	0.165388325171971	0	0
hsa-miR-7155-3p	0	0.165388325171971	0	0
hsa-miR-3143	0	0.165388325171971	0	0
hsa-miR-4721	0	0.165388325171971	0.262145255210202	0.24243746628604
hsa-miR-3135a	0	0.165388325171971	0	0
hsa-miR-190a-5p	0	0.165388325171971	0	0.48487493257208
hsa-miR-6867-5p	0	0.165388325171971	0	0
hsa-miR-1976	0	0.165388325171971	0	0
hsa-miR-597-3p	0	0.165388325171971	0	0
hsa-miR-1292-3p	0	0.165388325171971	0	0
hsa-miR-4766-3p	0	0.165388325171971	0	0
hsa-miR-3198	0	0.165388325171971	0	0
hsa-miR-6764-5p	0	0.165388325171971	0	0.48487493257208
hsa-miR-6834-5p	0	0.165388325171971	0	0
hsa-miR-3157-3p	0	0.165388325171971	0	0
hsa-miR-4798-5p	0	0.165388325171971	0	0
hsa-miR-3074-5p	0	0.165388325171971	0	0.727312398858119
hsa-miR-636	0	0.165388325171971	0	0
hsa-miR-129-1-3p	0	0.165388325171971	0	0
hsa-miR-551a	0	0.165388325171971	0	0
hsa-miR-153-3p	0	0.165388325171971	0	0.24243746628604
hsa-miR-32-3p	0	0.165388325171971	0	0.24243746628604
hsa-miR-3685	0	0.165388325171971	0	0
hsa-miR-219b-5p	0	0.165388325171971	0	0
hsa-miR-6750-3p	0	0.165388325171971	0	0
hsa-miR-449b-5p	0	0.165388325171971	0	0
hsa-miR-6856-3p	0	0.165388325171971	0	0
hsa-miR-3133	0	0.165388325171971	0	0.24243746628604
hsa-miR-4803	0	0.165388325171971	0	0
hsa-miR-197-5p	0	0.165388325171971	0	0
hsa-miR-1285-5p	0	0.165388325171971	0	0
hsa-miR-6821-5p	0	0.165388325171971	0	0
hsa-miR-6818-5p	0	0.165388325171971	0	0
hsa-miR-4745-5p	0	0.165388325171971	0	0
hsa-miR-6862-5p	0	0.165388325171971	0	0
hsa-miR-4479	0	0.165388325171971	0	0
hsa-miR-4449	0	0.165388325171971	1.04858102084081	0.24243746628604
hsa-miR-605-3p	0	0.165388325171971	0	0
hsa-miR-6859-5p	0	0.165388325171971	0	0
hsa-miR-4318	0	0.0826941625859854	0	0
hsa-miR-376c-5p	0	0.0826941625859854	0	0.12121873314302
hsa-miR-642b-3p	0	0.0826941625859854	0	0
hsa-miR-376b-5p	0	0.0826941625859854	0	0.12121873314302
hsa-miR-548av-3p	0	0.0826941625859854	0.218454379341835	0
hsa-miR-548as-5p	0	0.0826941625859854	0	0
hsa-mir-550a-3	0	0.0826941625859854	0	0
hsa-mir-92a-1	0	0.0826941625859854	0	0
hsa-mir-378d-1	0	0.0330776650343942	0	0
hsa-mir-378d-2	0	0.0330776650343942	0	0
hsa-mir-378a	0	0.0330776650343942	0	0
hsa-mir-320e	0	0.0275647208619951	0	0
hsa-miR-664b-5p	0	0	1.31072627605101	0
hsa-miR-582-3p	0	0	0.786435765630607	2.18193719657436
hsa-miR-4654	0	0	0.786435765630607	0
hsa-miR-1244	0	0	0.524290510420405	0.727312398858119
hsa-miR-4726-5p	0	0	0.524290510420405	0
hsa-miR-5094	0	0	0.524290510420405	0
hsa-miR-1226-5p	0	0	0.524290510420405	0
hsa-miR-362-3p	0	0	0.262145255210202	0
hsa-miR-6805-5p	0	0	0.262145255210202	0
hsa-miR-887-3p	0	0	0.262145255210202	0.48487493257208
hsa-miR-5003-3p	0	0	0.262145255210202	0.24243746628604
hsa-miR-6894-5p	0	0	0.262145255210202	0
hsa-miR-3158-3p	0	0	0.262145255210202	0.24243746628604
hsa-miR-7704	0	0	0.262145255210202	0.24243746628604
hsa-miR-6871-3p	0	0	0.262145255210202	0
hsa-miR-30c-1-3p	0	0	0.262145255210202	0
hsa-miR-4448	0	0	0.262145255210202	0
hsa-miR-3916	0	0	0.262145255210202	0
hsa-miR-124-5p	0	0	0.262145255210202	0
hsa-miR-1273d	0	0	0.262145255210202	0
hsa-miR-5001-5p	0	0	0.262145255210202	0.24243746628604
hsa-miR-5701	0	0	0.262145255210202	0
hsa-miR-3607-3p	0	0	0.262145255210202	0.969749865144159
hsa-miR-4787-3p	0	0	0.262145255210202	0
hsa-miR-3130-3p	0	0	0.262145255210202	0
hsa-miR-3687	0	0	0.262145255210202	0
hsa-miR-582-5p	0	0	0.262145255210202	0.969749865144159
hsa-miR-1273c	0	0	0.262145255210202	0
hsa-miR-3938	0	0	0.262145255210202	0
hsa-miR-4644	0	0	0.262145255210202	0
hsa-miR-1273h-3p	0	0	0	9.69749865144159
hsa-miR-302a-5p	0	0	0	3.87899946057664
hsa-miR-302b-3p	0	0	0	2.66681212914644
hsa-miR-6843-3p	0	0	0	1.2121873314302
hsa-miR-301a-3p	0	0	0	0.969749865144159
hsa-miR-3675-5p	0	0	0	0.969749865144159
hsa-miR-3663-5p	0	0	0	0.969749865144159
hsa-miR-363-5p	0	0	0	0.727312398858119
hsa-miR-708-5p	0	0	0	0.727312398858119
hsa-miR-2115-3p	0	0	0	0.727312398858119
hsa-miR-3653-5p	0	0	0	0.727312398858119
hsa-let-7c-3p	0	0	0	0.727312398858119
hsa-miR-6770-5p	0	0	0	0.727312398858119
hsa-miR-6842-5p	0	0	0	0.727312398858119
hsa-miR-3145-5p	0	0	0	0.48487493257208
hsa-miR-1243	0	0	0	0.48487493257208
hsa-miR-6741-3p	0	0	0	0.48487493257208
hsa-miR-3690	0	0	0	0.48487493257208
hsa-miR-34c-3p	0	0	0	0.48487493257208
hsa-miR-153-5p	0	0	0	0.48487493257208
hsa-miR-4485-3p	0	0	0	0.48487493257208
hsa-miR-4671-3p	0	0	0	0.48487493257208
hsa-miR-95-5p	0	0	0	0.48487493257208
hsa-miR-541-5p	0	0	0	0.48487493257208
hsa-miR-302c-3p	0	0	0	0.48487493257208
hsa-miR-3663-3p	0	0	0	0.48487493257208
hsa-miR-302d-3p	0	0	0	0.48487493257208
hsa-miR-580-3p	0	0	0	0.48487493257208
hsa-miR-491-5p	0	0	0	0.48487493257208
hsa-miR-4661-3p	0	0	0	0.48487493257208
hsa-miR-770-5p	0	0	0	0.24243746628604
hsa-miR-6854-5p	0	0	0	0.24243746628604
hsa-miR-3155a|hsa-miR-3155b	0	0	0	0.24243746628604
hsa-miR-345-3p	0	0	0	0.24243746628604
hsa-miR-3689f	0	0	0	0.24243746628604
hsa-miR-223-3p	0	0	0	0.24243746628604
hsa-miR-616-5p	0	0	0	0.24243746628604
hsa-miR-500b-5p	0	0	0	0.24243746628604
hsa-miR-675-5p	0	0	0	0.24243746628604
hsa-miR-193a-3p	0	0	0	0.24243746628604
hsa-miR-1256	0	0	0	0.24243746628604
hsa-miR-211-5p	0	0	0	0.24243746628604
hsa-miR-4497	0	0	0	0.24243746628604
hsa-miR-4762-3p	0	0	0	0.24243746628604
hsa-miR-2467-3p	0	0	0	0.24243746628604
hsa-miR-3918	0	0	0	0.24243746628604
hsa-miR-34b-5p	0	0	0	0.24243746628604
hsa-miR-1298-5p	0	0	0	0.24243746628604
hsa-miR-578	0	0	0	0.24243746628604
hsa-miR-216a-3p	0	0	0	0.24243746628604
hsa-miR-34a-3p	0	0	0	0.24243746628604
hsa-miR-589-3p	0	0	0	0.24243746628604
hsa-miR-665	0	0	0	0.24243746628604
hsa-miR-6829-5p	0	0	0	0.24243746628604
hsa-miR-187-5p	0	0	0	0.24243746628604
hsa-miR-371a-5p	0	0	0	0.24243746628604
hsa-miR-183-3p	0	0	0	0.24243746628604
hsa-miR-4709-3p	0	0	0	0.24243746628604
hsa-miR-3912-3p	0	0	0	0.24243746628604
hsa-miR-135b-3p	0	0	0	0.24243746628604
hsa-miR-7702	0	0	0	0.24243746628604
hsa-miR-570-3p	0	0	0	0.24243746628604
hsa-miR-4521	0	0	0	0.24243746628604
hsa-miR-7113-5p	0	0	0	0.24243746628604
hsa-miR-376a-5p	0	0	0	0.24243746628604
hsa-let-7i-3p	0	0	0	0.24243746628604
hsa-miR-302c-5p	0	0	0	0.24243746628604
hsa-miR-6892-5p	0	0	0	0.24243746628604
hsa-miR-5699-3p	0	0	0	0.24243746628604
hsa-miR-301b-5p	0	0	0	0.24243746628604
hsa-miR-3170	0	0	0	0.24243746628604
hsa-miR-6789-5p	0	0	0	0.24243746628604
hsa-miR-4492	0	0	0	0.24243746628604
hsa-mir-27a	0	0	0	0.12121873314302
hsa-mir-9-2	0	0	0	0.0808124887620133
hsa-mir-9-1	0	0	0	0.0808124887620133
