	sample_SM11_norm1_sequence_fastq	sample_SM12_norm2_sequence_fastq	sample_SM13_norm3_sequence_fastq	sample_SM1_crc1_sequence_fastq	sample_SM2_crc2_sequence_fastq	sample_SM3_crc3_sequence_fastq	sample_SM6_uc1_sequence_fastq	sample_SM7_uc2_sequence_fastq	sample_SM8_uc3_sequence_fastq
hsa-miR-1-3p	26687.209617933	332.034541653985	589.397261152309	233.798332238563	334.20365535248	474.965875199507	5517.02999885062	3628.23114435367	809.43510769119
hsa-let-7b-5p	25560.6070282439	23000.9382491215	20437.7815974885	5544.36045022879	23125.3263707572	23752.572731824	9944.88443245196	11779.7987739447	53241.9778581448
hsa-miR-184	24266.3611834017	133.316899300464	118.372671695861	289.464601819174	83.5509138381201	85.5794369728842	1652.91970203659	334.668465731012	124.528478106337
hsa-let-7f-5p	20150.1205434835	7553.78582262815	10877.9553093842	9440.99932087151	7582.2454308094	7560.94325655431	3601.39458258304	4664.10972875918	12823.8389016588
hsa-let-7a-5p	20071.2882985008	13336.7207564351	16277.4754068444	5009.96426225493	12587.4673629243	15434.2514580597	6649.07930913065	5986.84699807698	22440.6371015305
hsa-miR-143-3p	19017.5306946817	10871.6158259737	13102.3750983356	20685.5857761548	14595.3002610966	7376.94746706261	3147.1153267253	1811.45947324246	2015.80473934633
hsa-miR-486-5p	13589.0824325835	9420.22241283464	10000.0246609733	7693.07845604035	8793.73368146214	18322.5574558945	4055.67383844078	3750.41169533483	47281.9065309998
hsa-miR-378a-3p	11873.4000713149	20784.0207538358	13502.2938815303	8426.01767218505	21378.590078329	7248.57831160329	2886.22402717648	5381.25644103992	10170.2581025665
hsa-miR-451a	11258.0428847413	15409.4212285781	39440.2945506647	25985.0146402289	39221.9321148825	48489.3089888362	16540.1435084589	5290.94907727123	99627.9711716573
hsa-miR-423-5p	10553.542062491	3702.6882220808	1987.67444555967	17924.5388049565	4532.63707571802	3996.55970663369	864.772559343649	2050.50837733604	8042.46421103426
hsa-miR-24-3p	6965.17810100107	4293.81032275267	4500.62762176972	2003.98570490197	4992.16710182768	4274.69287679556	1981.31434482532	2857.96245338546	2202.59745650583
hsa-miR-122-5p	6091.03827056025	1247.64494439679	4130.71302272016	189.265316574075	3911.227154047	1711.58873945768	946.87122004083	8063.91636475675	8771.47467661511
hsa-miR-148a-3p	5815.62435138026	1466.4858923051	4096.1876601422	1168.99166119282	4287.20626631854	3521.59383143418	1171.27422594646	2677.34772584809	3261.0895204097
hsa-miR-146a-5p	5481.33571759296	3417.18882452226	3704.07818514965	556.662695806103	3535.24804177546	3401.78261967215	1417.57020803801	2401.11343667329	1835.49788042153
hsa-miR-103a-3p	4989.38259384031	1780.91254159865	2125.77589587151	851.693924583338	2026.10966057441	1807.86560605218	881.192291483085	1258.99089489285	1777.12515630918
hsa-let-7g-5p	4864.6480289943	2832.35525683626	3139.34189726732	690.261742799568	3023.49869451697	3106.53356211569	1269.79261878308	1529.91298619891	3258.49517711582
hsa-miR-151a-3p	4715.96442769786	2716.64624989624	2475.9617163051	311.731109651418	3242.81984334204	2310.64479826787	716.994970088721	2023.94738799231	2519.10733835944
hsa-miR-21-5p	3973.54429773442	3275.06797904158	5329.23632364075	1335.99046993465	4459.53002610966	4017.95456587691	2725.67553514644	3601.67015500993	5520.76252938094
hsa-miR-140-3p	3340.89058483547	3735.38859360733	5430.34631404763	3395.64244441723	5885.11749347259	5481.36293811323	1943.00163649997	1195.2445204679	13952.3782344975
hsa-miR-146b-5p	3329.91394312902	2398.44648081117	2434.03806174614	345.130871399784	2281.98433420366	2023.95368440871	886.665535529564	2018.63519012356	1007.90236967316
hsa-miR-30d-5p	3195.20061309533	2882.66352072323	3378.55333798604	957.459836786498	4986.94516971279	3354.71392933706	1713.12538654786	1768.96189029249	2817.45681715587
hsa-miR-191-5p	3087.42994906838	1524.34039577511	2081.38614398556	823.860789793033	2678.85117493473	1827.12097937108	744.361190321115	844.639461130648	1873.11585818282
hsa-miR-320a	2988.14123545096	2435.758443194	2212.50031853757	3015.25626894972	2391.64490861619	1847.44609565214	483.013787101753	1035.87858440551	2505.48703606656
hsa-miR-126-3p	2802.03726470072	1617.410683966	1963.0134722897	489.863172309371	2052.21932114883	1818.56303567379	1428.51669613096	1907.07903487989	1769.34212642754
hsa-let-7i-5p	2501.67643255153	2331.78803116094	2567.20731740399	1536.38904042485	2715.4046997389	3423.17747891537	640.369553438018	887.137044080618	8374.54015265116
hsa-miR-223-3p	2462.75924831958	1219.97539925896	3050.56239349542	2627.44792420481	3315.92689295039	1544.70883736056	530.904672508442	573.717369824591	358.019374555719
hsa-miR-30e-5p	2380.9333737806	1866.43659020649	2934.65581912656	946.326582870376	2892.95039164491	2640.12563061348	1428.51669613096	924.322429161841	2210.38048638748
hsa-miR-744-5p	2229.25614292785	1428.75469438987	1099.87940784071	378.53063314815	1571.80156657963	1313.64435753377	470.698987997176	940.25902276808	754.953898519668
hsa-miR-101-3p	2171.3793048393	1411.14680202944	2473.4956189781	3362.24268266886	2417.7545691906	3453.13028185588	1488.72238064223	945.571220636826	9453.78696290608
hsa-let-7c-5p	2057.28875619349	615.018526018176	789.151144639074	72.3661504547934	485.639686684073	402.223353772556	640.369553438018	247.017200896699	539.62340512746
hsa-miR-192-5p	1817.13314067664	733.24294615255	2120.84370121751	556.662695806103	1407.31070496084	1439.87402706878	454.279255857739	1407.73243521775	3743.63737307175
hsa-miR-16-5p	1628.53447862948	1277.82990272897	2404.44489382218	2482.71562329522	2031.3315926893	2267.85507978143	1089.17556524928	515.283193268383	8410.86095876551
hsa-miR-185-5p	1474.86149473919	772.231850664949	764.490171369103	1013.12610636711	751.958224543081	928.536891155793	120.411369022533	393.10264228722	1675.94576784778
hsa-miR-148b-3p	1458.89547043891	973.464906212819	754.625782061115	333.997617483662	1691.90600522193	1215.22800501495	481.645476090133	913.698033424349	1551.41728974145
hsa-miR-26a-5p	1325.18001692399	679.16156247406	1242.91305280654	712.528250631812	1013.05483028721	808.725679393755	399.546815392952	313.419674256027	944.340958973055
hsa-miR-93-5p	1241.35838934747	1011.19610412804	1139.33696507266	356.264125315906	1242.81984334204	1369.27099156615	613.003333205624	525.907589005875	1984.67261981975
hsa-miR-182-5p	1151.54950265834	920.641229131503	332.923139144609	389.663887064272	506.527415143603	1685.91490836582	596.583601066188	249.673299831072	1151.88842248362
hsa-miR-92a-3p	1107.64293583255	812.478461774523	1294.70109667348	924.060075038131	1091.38381201044	1887.0265852521	777.200654599988	679.961327199515	3172.88184841771
hsa-miR-144-5p	945.986939792122	1031.31940968283	1265.10792874952	467.596664477127	971.279373368146	1938.37424743583	689.628749856327	260.297695568565	773.114301576842
hsa-miR-181a-5p	945.986939792122	827.570940940614	1509.25156412223	411.930394896516	1420.36553524804	1377.82893526343	388.600327299994	297.483080649788	882.076719919887
hsa-let-7d-5p	928.025162454297	752.108545110162	716.40127349266	395.230514022333	806.788511749347	569.10325586968	175.143809487321	254.985497699818	1347.76134117171
hsa-miR-4446-3p	840.212028802708	148.409378466554	66.5846278289219	77.9327774128544	135.770234986945	68.4635495783073	43.7859523718303	127.492748849909	116.745448224691
hsa-miR-25-3p	632.653712898951	435.166482622268	569.668482536332	612.328965386714	563.968668407311	641.845777296631	197.036785673236	191.239123274864	1655.19102149673
hsa-miR-30e-3p	509.914901090479	198.717642353521	369.914599049566	100.199285245099	344.647519582245	192.553733188989	82.0986606971818	185.926925406118	99.8822168144578
hsa-miR-423-3p	490.955247233886	442.712722205313	345.253625779595	89.0660313289765	558.746736292428	445.013072258998	153.250833301406	239.04890409358	461.793106311
hsa-miR-27a-3p	476.984975971133	291.787930544411	480.888978764436	333.997617483662	417.754569190601	361.573121210436	257.242470184503	249.673299831072	211.438978451385
hsa-miR-27b-3p	449.044433445628	261.60297221223	234.279246064725	144.732300909587	250.65274151436	378.689008605012	175.143809487321	350.60505933725	201.061605275857
hsa-miR-10a-5p	443.057174333019	347.127020820075	670.778472943213	133.599046993465	438.642297650131	320.922888648316	1280.73910687604	366.541652943489	373.585434319011
hsa-miR-26b-5p	443.057174333019	289.272517350063	399.507766973531	55.6662695806103	349.869451697128	269.575226464585	169.670565440842	95.6195616374319	298.349478796432
hsa-miR-183-5p	437.069915220411	256.572145823534	98.6438930798843	222.665078322441	203.655352480418	684.635495783073	169.670565440842	63.7463744249546	1564.38900621086
hsa-miR-17-5p	360.23342327527	171.048097215689	283.601192604667	128.032420035404	211.488250652742	365.85209305908	197.036785673236	278.890388109176	465.684621251823
hsa-miR-23a-3p	342.271645937445	199.975348950695	262.639365325192	217.09845136438	237.597911227154	241.761909448398	177.880431510561	100.931759506178	95.9907018736347
hsa-miR-7-5p	327.303498155924	22.6387187491353	24.6609732699711	222.665078322441	83.5509138381201	47.0686903350863	71.1521726042242	0	137.500194575747
hsa-miR-199a-3p|hsa-miR-199b-3p	321.316239043316	140.863138883509	224.414856756737	33.3997617483662	292.42819843342	166.879902097124	87.5719047436606	138.117144587402	134.905851281865
hsa-miR-98-5p	313.333226893171	153.440204855251	140.567547638835	66.7995234967324	182.767624020888	115.532239913394	49.2591964183091	100.931759506178	267.217359269848
hsa-miR-134-5p	309.341720818099	135.832312494812	493.219465399421	44.5330156644883	694.516971279373	376.54952268069	38.3127083253515	138.117144587402	363.208061143483
hsa-miR-28-3p	301.358708667955	206.263881936566	165.228520908806	0	308.093994778068	222.506536129499	125.884613069012	106.243957374924	124.528478106337
hsa-miR-186-5p	293.37569651781	216.32553471396	244.143635372714	100.199285245099	313.31592689295	316.643916799671	93.0451487901394	90.3073637686857	550.000778302988
hsa-miR-20a-5p	293.37569651781	201.23305554787	266.338511315688	189.265316574075	276.762402088773	278.133170161874	191.563541626758	95.6195616374319	579.835726182631
hsa-miR-1285-3p	291.379943480274	279.210864572669	268.804608642685	0	281.984334203655	380.828494529334	65.6789285577455	53.1219786874622	884.671063213769
hsa-miR-142-5p	271.422413104913	138.34772568916	276.202900623676	11.1332539161221	344.647519582245	231.064479826787	109.464880929576	95.6195616374319	163.443627514567
hsa-miR-584-5p	261.443647917232	125.770659717418	246.609732699711	0	177.545691906005	132.64812730797	93.0451487901394	138.117144587402	225.707866567736
hsa-miR-221-3p	235.498858429263	130.801486106115	244.143635372714	100.199285245099	182.767624020888	205.390648734922	65.6789285577455	132.804946718655	129.717164694101
hsa-miR-425-5p	235.498858429263	249.025906240489	293.465581912656	55.6662695806103	386.422976501305	329.480832345604	114.938124976055	143.429342456148	285.377762327022
hsa-miR-126-5p	229.511599316654	88.0394618021929	140.567547638835	33.3997617483662	177.545691906005	124.090183610682	54.7324404647879	138.117144587402	132.311507987983
hsa-miR-30a-5p	213.545575016365	160.986444438296	478.422881437439	189.265316574075	219.321148825065	192.553733188989	459.752499904218	239.04890409358	168.632314102331
hsa-miR-22-3p	211.549821978829	128.286072911767	189.889494178777	77.9327774128544	182.767624020888	269.575226464585	76.625416650703	180.614727537371	391.745837376185
hsa-miR-629-5p	193.588044641004	231.41801388005	194.821688832771	133.599046993465	308.093994778068	308.085973102383	54.7324404647879	31.8731872124773	503.302599013112
hsa-miR-106b-5p	189.596538565932	128.286072911767	273.736803296679	44.5330156644883	308.093994778068	278.133170161874	180.6170535338	79.6829680311932	809.43510769119
hsa-miR-130b-3p	175.626267303179	85.5240486078446	140.567547638835	133.599046993465	93.9947780678851	132.64812730797	16.4197321394364	69.0585722937008	184.198373865623
hsa-miR-99b-5p	157.664489965354	284.241690961366	212.084370121751	122.465793077343	161.879895561358	145.485042853903	311.974910649291	159.365936062386	168.632314102331
hsa-miR-484	157.664489965354	113.193593745677	130.703158330847	89.0660313289765	88.7728459530026	149.764014702547	76.625416650703	74.370770162447	319.104225147488
hsa-miR-503-5p	153.672983890281	17.6078923604386	24.6609732699711	189.265316574075	67.8851174934726	51.3476621837305	21.8929761859152	58.4341765562084	287.972105620904
hsa-miR-151a-5p|hsa-miR-151b	151.677230852745	100.616527773935	72.7498711464147	11.1332539161221	83.5509138381201	109.113782140427	32.8394642788727	87.6512648343125	106.368075049163
hsa-miR-340-5p	147.685724777673	83.0086354134962	73.9829198099132	66.7995234967324	156.657963446475	77.0214932755957	54.7324404647879	37.1853850812235	95.9907018736347
hsa-miR-152-3p	141.698465665065	88.0394618021929	113.440477041867	55.6662695806103	193.211488250653	154.042986551191	98.5183928366182	100.931759506178	142.688881163511
hsa-miR-15b-5p	137.706959589992	60.3699166643609	150.431936946824	166.998808741831	114.882506527415	102.695324367461	43.7859523718303	15.9365936062386	168.632314102331
hsa-miR-5189-5p	127.728194402312	70.4315694417543	19.7287786159769	22.2665078322441	36.5535248041775	47.0686903350863	0	0	72.6416122286965
hsa-miR-130a-3p	127.728194402312	70.4315694417543	73.9829198099132	22.2665078322441	57.4412532637076	42.7897184864421	54.7324404647879	74.370770162447	145.283224457393
hsa-miR-223-5p	123.73668832724	35.2157847208772	71.5168224829161	66.7995234967324	93.9947780678851	72.7425214269515	16.4197321394364	42.4975829499697	44.1038359959943
hsa-miR-379-5p	123.73668832724	15.0924791660902	86.3134064448988	0	182.767624020888	55.6266340323747	5.47324404647879	42.4975829499697	98.5850451675168
hsa-miR-215-5p	118.747305733399	31.4426649293546	244.143635372714	22.2665078322441	109.660574412533	72.7425214269515	27.3662202323939	53.1219786874622	16.8632314102331
hsa-miR-375	117.749429214631	7.54623958304511	44.3897518859479	0	36.5535248041775	25.6738310918652	16.4197321394364	69.0585722937008	18.1604030571741
hsa-miR-9-5p	117.749429214631	0	4.93219465399421	0	0	0	120.411369022533	0	7.78302988164606
hsa-miR-193a-5p	113.757923139559	52.8236770813158	91.245601098893	166.998808741831	62.6631853785901	98.4163525188168	103.991636883097	47.8097808187159	23.3490896449382
hsa-miR-139-3p	109.766417064487	37.7311979152255	27.1270705969682	22.2665078322441	41.7754569190601	4.27897184864421	10.9464880929576	31.8731872124773	23.3490896449382
hsa-let-7e-5p	103.779157951878	100.616527773935	92.4786497623915	33.3997617483662	88.7728459530026	94.1373806701726	79.3620386739424	23.904890409358	95.9907018736347
hsa-miR-664a-5p	95.7961458017339	60.3699166643609	69.050725155919	0	52.2193211488251	47.0686903350863	0	26.5609893437311	28.5377762327022
hsa-miR-483-5p	95.7961458017339	17.6078923604386	27.1270705969682	44.5330156644883	62.6631853785901	17.1158873945768	0	106.243957374924	46.6981792898764
hsa-miR-382-5p	93.8003927641978	47.792850692619	86.3134064448988	22.2665078322441	156.657963446475	89.8584088215284	0	31.8731872124773	88.2076719919887
hsa-miR-4732-5p	89.8088866891255	80.4932222191478	76.4490171369103	300.597855735296	62.6631853785901	59.9056058810189	21.8929761859152	26.5609893437311	202.358776922798
hsa-miR-100-5p	89.8088866891255	65.4007430530576	219.482662102743	33.3997617483662	135.770234986945	102.695324367461	399.546815392952	77.0268690968201	59.6698957592865
hsa-miR-432-5p	87.8131336515894	47.792850692619	66.5846278289219	0	130.548302872063	17.1158873945768	5.47324404647879	74.370770162447	62.2642390531685
hsa-miR-140-5p	87.8131336515894	52.8236770813158	83.8473091179016	0	140.992167101828	55.6266340323747	16.4197321394364	21.2487914749849	15.5660597632921
hsa-miR-181b-5p	87.8131336515894	98.1011145795864	160.296326254812	44.5330156644883	104.43864229765	121.95069768636	21.8929761859152	66.4024733593277	75.2359555225786
hsa-miR-29a-3p	85.8173806140533	50.3082638869674	226.880954083734	89.0660313289765	120.104438642298	111.253268064749	136.83110116197	58.4341765562084	80.4246421103426
hsa-miR-106b-3p	83.8216275765172	57.8545034700125	66.5846278289219	44.5330156644883	67.8851174934726	38.5107466377979	16.4197321394364	63.7463744249546	90.8020152858707
hsa-miR-28-5p	83.8216275765172	25.1541319434837	34.5253625779595	0	20.88772845953	34.2317747891537	27.3662202323939	42.4975829499697	28.5377762327022
hsa-miR-30a-3p	80.827998020213	35.2157847208772	73.9829198099132	44.5330156644883	41.7754569190601	25.6738310918652	16.4197321394364	84.9951658999394	47.9953509368174
hsa-miR-486-3p	79.8301215014449	32.7003715265288	39.4575572319537	0	31.331592689295	55.6266340323747	21.8929761859152	21.2487914749849	269.81170256373
hsa-miR-221-5p	79.8301215014449	22.6387187491353	22.194875942974	55.6662695806103	31.331592689295	4.27897184864421	5.47324404647879	15.9365936062386	23.3490896449382
hsa-miR-652-3p	71.8471093513004	65.4007430530576	61.6524331749277	0	36.5535248041775	47.0686903350863	21.8929761859152	74.370770162447	38.9151494082303
hsa-miR-197-3p	71.8471093513004	72.9469826361027	76.4490171369103	66.7995234967324	88.7728459530026	85.5794369728842	54.7324404647879	74.370770162447	49.2925225837584
hsa-let-7d-3p	67.8556032762282	10.0616527773935	36.9914599049566	33.3997617483662	26.1096605744125	42.7897184864421	16.4197321394364	15.9365936062386	49.2925225837584
hsa-miR-425-3p	65.8598502386921	27.6695451378321	36.9914599049566	11.1332539161221	41.7754569190601	55.6266340323747	5.47324404647879	21.2487914749849	10.3773731755281
hsa-miR-1307-5p	63.8640972011559	77.9778090247995	81.3812117909045	0	88.7728459530026	85.5794369728842	32.8394642788727	26.5609893437311	36.3208061143483
hsa-miR-4433b-3p	61.8683441636198	2.51541319434837	12.3304866349855	0	36.5535248041775	4.27897184864421	0	15.9365936062386	31.1321195265842
hsa-miR-320b	61.3694059042358	61.2083877291437	57.1312547420996	64.9439811773787	52.2193211488251	33.1620318269926	12.3147991045773	31.8731872124773	74.5873696991081
hsa-miR-19b-3p	57.8768380885476	32.7003715265288	86.3134064448988	44.5330156644883	31.331592689295	51.3476621837305	32.8394642788727	15.9365936062386	85.6133286981066
hsa-miR-155-5p	57.8768380885476	32.7003715265288	113.440477041867	33.3997617483662	67.8851174934726	38.5107466377979	16.4197321394364	21.2487914749849	36.3208061143483
hsa-miR-1307-3p	57.8768380885476	40.2466111095739	36.9914599049566	0	62.6631853785901	81.3004651242399	10.9464880929576	37.1853850812235	41.5094927021123
hsa-miR-6515-5p	53.8853320134753	12.5770659717418	9.86438930798843	11.1332539161221	10.443864229765	0	0	10.6243957374924	5.18868658776404
hsa-miR-424-5p	53.8853320134753	27.6695451378321	81.3812117909045	44.5330156644883	172.323759791123	85.5794369728842	76.625416650703	21.2487914749849	111.556761636927
hsa-miR-542-3p	53.8853320134753	37.7311979152255	61.6524331749277	55.6662695806103	99.2167101827676	111.253268064749	38.3127083253515	5.31219786874621	15.5660597632921
hsa-miR-598-3p	53.8853320134753	37.7311979152255	83.8473091179016	0	125.32637075718	85.5794369728842	43.7859523718303	159.365936062386	111.556761636927
hsa-miR-2110	51.8895789759392	10.0616527773935	0	44.5330156644883	20.88772845953	4.27897184864421	0	5.31219786874621	7.78302988164606
hsa-miR-363-3p	51.8895789759392	37.7311979152255	41.9236545589508	66.7995234967324	83.5509138381201	128.369155459326	21.8929761859152	31.8731872124773	184.198373865623
hsa-miR-30c-5p	47.898072900867	20.123305554787	32.0592652509624	0	41.7754569190601	21.394859243221	32.8394642788727	10.6243957374924	62.2642390531685
hsa-miR-10b-5p	47.898072900867	75.4623958304511	209.618272794754	33.3997617483662	88.7728459530026	72.7425214269515	268.188958277461	100.931759506178	85.6133286981066
hsa-miR-1292-5p	47.898072900867	50.3082638869674	46.855849212945	11.1332539161221	36.5535248041775	12.8369155459326	10.9464880929576	21.2487914749849	129.717164694101
hsa-miR-210-3p	45.9023198633308	22.6387187491353	7.39829198099132	11.1332539161221	31.331592689295	17.1158873945768	10.9464880929576	5.31219786874621	31.1321195265842
hsa-miR-222-3p	45.9023198633308	12.5770659717418	76.4490171369103	11.1332539161221	46.9973890339426	59.9056058810189	49.2591964183091	21.2487914749849	36.3208061143483
hsa-miR-769-5p	45.9023198633308	17.6078923604386	54.2541411939364	0	26.1096605744125	51.3476621837305	0	10.6243957374924	7.78302988164606
hsa-miR-339-3p	43.9065668257947	27.6695451378321	34.5253625779595	0	41.7754569190601	8.55794369728842	0	0	54.4812091715224
hsa-miR-127-3p	41.9108137882586	17.6078923604386	14.7965839619826	11.1332539161221	73.1070496083551	4.27897184864421	5.47324404647879	21.2487914749849	31.1321195265842
hsa-miR-29c-3p	41.9108137882586	10.0616527773935	46.855849212945	0	46.9973890339426	29.9528029405095	43.7859523718303	15.9365936062386	59.6698957592865
hsa-miR-409-3p	41.9108137882586	20.123305554787	32.0592652509624	0	99.2167101827676	29.9528029405095	0	10.6243957374924	31.1321195265842
hsa-miR-320c	40.4139990101065	32.2811359941374	33.4567204029274	25.9775924709515	28.7206266318538	16.0461444324158	6.84155505809849	13.2804946718655	33.0778769969958
hsa-miR-20b-5p	37.9193077131863	37.7311979152255	29.5931679239653	0	31.331592689295	59.9056058810189	49.2591964183091	5.31219786874621	159.552112573744
hsa-miR-3177-3p	37.9193077131863	10.0616527773935	17.2626812889797	0	5.22193211488251	0	5.47324404647879	5.31219786874621	23.3490896449382
hsa-miR-493-5p	37.9193077131863	2.51541319434837	24.6609732699711	0	36.5535248041775	17.1158873945768	5.47324404647879	10.6243957374924	36.3208061143483
hsa-miR-142-3p	37.9193077131863	65.4007430530576	91.245601098893	55.6662695806103	125.32637075718	77.0214932755957	27.3662202323939	31.8731872124773	15.5660597632921
hsa-miR-150-5p	35.9235546756502	37.7311979152255	78.9151144639074	22.2665078322441	73.1070496083551	21.394859243221	10.9464880929576	10.6243957374924	25.9434329388202
hsa-miR-107	35.9235546756502	27.6695451378321	32.0592652509624	50.0996426225493	52.2193211488251	44.9292044107642	10.9464880929576	5.31219786874621	77.8302988164606
hsa-miR-3928-3p	35.9235546756502	17.6078923604386	22.194875942974	0	31.331592689295	17.1158873945768	0	10.6243957374924	18.1604030571741
hsa-miR-15a-5p	35.9235546756502	17.6078923604386	73.9829198099132	33.3997617483662	36.5535248041775	102.695324367461	16.4197321394364	15.9365936062386	75.2359555225786
hsa-miR-576-3p	35.9235546756502	12.5770659717418	14.7965839619826	11.1332539161221	26.1096605744125	12.8369155459326	0	5.31219786874621	12.9717164694101
hsa-miR-625-3p	33.9278016381141	17.6078923604386	27.1270705969682	0	15.6657963446475	8.55794369728842	5.47324404647879	47.8097808187159	10.3773731755281
hsa-miR-144-3p	33.9278016381141	17.6078923604386	59.1863358479306	44.5330156644883	93.9947780678851	111.253268064749	71.1521726042242	10.6243957374924	230.8965531555
hsa-miR-1246	33.9278016381141	12.5770659717418	14.7965839619826	0	20.88772845953	8.55794369728842	10.9464880929576	31.8731872124773	33.7264628204663
hsa-miR-5187-5p	33.9278016381141	15.0924791660902	4.93219465399421	0	0	25.6738310918652	0	0	10.3773731755281
hsa-miR-3605-5p	33.9278016381141	30.1849583321804	32.0592652509624	89.0660313289765	15.6657963446475	34.2317747891537	0	5.31219786874621	57.0755524654044
hsa-miR-194-5p	29.9362955630418	17.6078923604386	73.9829198099132	11.1332539161221	52.2193211488251	51.3476621837305	5.47324404647879	42.4975829499697	137.500194575747
hsa-miR-125a-5p	29.9362955630418	25.1541319434837	36.9914599049566	0	5.22193211488251	29.9528029405095	38.3127083253515	26.5609893437311	7.78302988164606
hsa-miR-374a-3p	27.9405425255057	5.03082638869674	27.1270705969682	0	20.88772845953	17.1158873945768	27.3662202323939	26.5609893437311	62.2642390531685
hsa-miR-411-5p	25.9447894879696	0	7.39829198099132	0	0	0	5.47324404647879	5.31219786874621	0
hsa-miR-92b-3p	25.9447894879696	10.0616527773935	12.3304866349855	11.1332539161221	10.443864229765	29.9528029405095	16.4197321394364	26.5609893437311	44.1038359959943
hsa-miR-374a-5p	25.9447894879696	0	2.46609732699711	0	10.443864229765	12.8369155459326	0	0	15.5660597632921
hsa-miR-378b	25.9447894879696	27.6695451378321	29.5931679239653	0	78.3289817232376	21.394859243221	27.3662202323939	26.5609893437311	18.1604030571741
hsa-miR-381-3p	25.9447894879696	7.54623958304511	41.9236545589508	0	73.1070496083551	8.55794369728842	0	10.6243957374924	28.5377762327022
hsa-miR-330-3p	23.9490364504335	2.51541319434837	17.2626812889797	11.1332539161221	20.88772845953	12.8369155459326	5.47324404647879	5.31219786874621	15.5660597632921
hsa-miR-200c-3p	23.9490364504335	5.03082638869674	19.7287786159769	0	0	0	10.9464880929576	10.6243957374924	7.78302988164606
hsa-miR-361-5p	23.9490364504335	15.0924791660902	49.3219465399421	22.2665078322441	31.331592689295	17.1158873945768	21.8929761859152	21.2487914749849	18.1604030571741
hsa-miR-628-5p	23.9490364504335	7.54623958304511	2.46609732699711	0	0	4.27897184864421	5.47324404647879	5.31219786874621	7.78302988164606
hsa-miR-196b-5p	23.9490364504335	10.0616527773935	22.194875942974	0	15.6657963446475	8.55794369728842	21.8929761859152	5.31219786874621	33.7264628204663
hsa-miR-3615	21.9532834128974	50.3082638869674	44.3897518859479	44.5330156644883	41.7754569190601	64.1845777296631	5.47324404647879	21.2487914749849	41.5094927021123
hsa-miR-206	21.9532834128974	17.6078923604386	27.1270705969682	0	20.88772845953	42.7897184864421	405.02005943943	10.6243957374924	5.18868658776404
hsa-miR-1270	21.9532834128974	17.6078923604386	22.194875942974	0	10.443864229765	4.27897184864421	0	0	44.1038359959943
hsa-miR-30b-5p	19.9575303753612	12.5770659717418	7.39829198099132	11.1332539161221	26.1096605744125	21.394859243221	10.9464880929576	5.31219786874621	23.3490896449382
hsa-miR-328-3p	19.9575303753612	12.5770659717418	2.46609732699711	0	10.443864229765	17.1158873945768	0	15.9365936062386	10.3773731755281
hsa-miR-361-3p	19.9575303753612	17.6078923604386	17.2626812889797	0	5.22193211488251	21.394859243221	5.47324404647879	0	12.9717164694101
hsa-miR-18a-5p	19.9575303753612	0	17.2626812889797	0	15.6657963446475	27.8133170161874	5.47324404647879	10.6243957374924	18.1604030571741
hsa-miR-128-3p	19.9575303753612	17.6078923604386	17.2626812889797	11.1332539161221	36.5535248041775	34.2317747891537	0	0	33.7264628204663
hsa-miR-532-5p	19.9575303753612	37.7311979152255	29.5931679239653	11.1332539161221	20.88772845953	72.7425214269515	27.3662202323939	5.31219786874621	64.8585823470505
hsa-miR-139-5p	19.9575303753612	17.6078923604386	7.39829198099132	0	10.443864229765	8.55794369728842	0	0	7.78302988164606
hsa-mir-378c	18.6270283503371	18.02712789283	9.04235686565606	3.71108463870735	39.1644908616188	8.55794369728842	7.29765872863838	21.2487914749849	41.9418832510927
hsa-miR-99a-5p	17.9617773378251	10.0616527773935	41.9236545589508	11.1332539161221	10.443864229765	25.6738310918652	32.8394642788727	13.2804946718655	18.1604030571741
hsa-miR-335-5p	17.9617773378251	5.03082638869674	17.2626812889797	0	31.331592689295	12.8369155459326	21.8929761859152	21.2487914749849	7.78302988164606
hsa-miR-628-3p	17.9617773378251	15.0924791660902	9.86438930798843	77.9327774128544	31.331592689295	4.27897184864421	0	0	5.18868658776404
hsa-miR-4433b-5p	17.9617773378251	2.51541319434837	0	0	0	17.1158873945768	0	10.6243957374924	10.3773731755281
hsa-miR-193b-5p	17.9617773378251	5.03082638869674	9.86438930798843	0	5.22193211488251	4.27897184864421	16.4197321394364	58.4341765562084	2.59434329388202
hsa-miR-106a-5p	16.963900819057	17.6078923604386	4.93219465399421	27.8331347903052	13.0548302872063	14.9764014702547	16.4197321394364	7.96829680311932	53.1840375245814
hsa-miR-320d	16.464962559673	11.3193593745677	14.5499742292829	11.1332539161221	18.2767624020888	20.32511628106	1.3683110116197	13.2804946718655	20.1061605275857
hsa-miR-342-3p	15.966024300289	25.1541319434837	27.1270705969682	11.1332539161221	31.331592689295	21.394859243221	10.9464880929576	15.9365936062386	20.7547463510562
hsa-miR-326	15.966024300289	15.0924791660902	12.3304866349855	0	5.22193211488251	29.9528029405095	0	15.9365936062386	12.9717164694101
hsa-miR-4286	15.966024300289	10.0616527773935	4.93219465399421	0	10.443864229765	12.8369155459326	5.47324404647879	10.6243957374924	5.18868658776404
hsa-miR-654-5p	15.966024300289	12.5770659717418	17.2626812889797	0	31.331592689295	8.55794369728842	0	26.5609893437311	25.9434329388202
hsa-miR-6509-5p	15.966024300289	7.54623958304511	0	0	0	4.27897184864421	0	0	2.59434329388202
hsa-miR-450b-5p	15.966024300289	7.54623958304511	17.2626812889797	33.3997617483662	26.1096605744125	8.55794369728842	0	5.31219786874621	2.59434329388202
hsa-miR-485-5p	15.966024300289	5.03082638869674	7.39829198099132	11.1332539161221	0	0	0	0	7.78302988164606
hsa-miR-6721-5p	15.966024300289	0	0	0	0	0	0	5.31219786874621	2.59434329388202
hsa-miR-23b-3p	14.9681477815209	3.77311979152255	23.4279246064725	27.8331347903052	2.61096605744125	10.6974296216105	8.20986606971818	0	12.9717164694101
hsa-miR-642a-3p	14.9681477815209	2.51541319434837	4.93219465399421	0	5.22193211488251	8.55794369728842	0	0	0
hsa-miR-199a-5p	13.9702712627529	25.1541319434837	9.86438930798843	0	36.5535248041775	4.27897184864421	16.4197321394364	37.1853850812235	12.9717164694101
hsa-miR-324-3p	13.9702712627529	2.51541319434837	9.86438930798843	0	15.6657963446475	4.27897184864421	10.9464880929576	0	2.59434329388202
hsa-miR-342-5p	13.9702712627529	7.54623958304511	29.5931679239653	0	15.6657963446475	8.55794369728842	0	26.5609893437311	18.1604030571741
hsa-miR-654-3p	13.9702712627529	2.51541319434837	9.86438930798843	0	10.443864229765	17.1158873945768	0	0	5.18868658776404
hsa-miR-133a-3p	13.9702712627529	0	0	0	5.22193211488251	0	0	0	7.78302988164606
hsa-miR-664b-5p	13.9702712627529	10.0616527773935	7.39829198099132	22.2665078322441	20.88772845953	4.27897184864421	0	5.31219786874621	7.78302988164606
hsa-miR-378g	12.9723947439848	20.123305554787	6.16524331749277	16.6998808741831	26.1096605744125	0	2.73662202323939	5.31219786874621	6.48585823470505
hsa-miR-224-5p	11.9745182252167	7.54623958304511	4.93219465399421	0	0	8.55794369728842	0	0	10.3773731755281
hsa-miR-374b-5p	11.9745182252167	10.0616527773935	27.1270705969682	0	15.6657963446475	0	5.47324404647879	5.31219786874621	10.3773731755281
hsa-miR-148a-5p	11.9745182252167	0	9.86438930798843	0	20.88772845953	21.394859243221	0	10.6243957374924	7.78302988164606
hsa-miR-1827	11.9745182252167	2.51541319434837	2.46609732699711	11.1332539161221	0	0	0	0	2.59434329388202
hsa-miR-1255b-5p	11.9745182252167	12.5770659717418	7.39829198099132	22.2665078322441	0	0	0	0	33.7264628204663
hsa-miR-337-3p	11.9745182252167	0	7.39829198099132	0	10.443864229765	0	0	5.31219786874621	2.59434329388202
hsa-miR-1301-3p	11.9745182252167	0	0	0	0	8.55794369728842	5.47324404647879	0	0
hsa-miR-6734-5p	11.9745182252167	0	0	11.1332539161221	0	8.55794369728842	0	5.31219786874621	0
hsa-miR-3190-3p	11.9745182252167	2.51541319434837	4.93219465399421	11.1332539161221	0	0	0	0	0
hsa-miR-889-3p	11.9745182252167	0	0	0	5.22193211488251	8.55794369728842	5.47324404647879	0	15.5660597632921
hsa-miR-16-2-3p	11.9745182252167	5.03082638869674	9.86438930798843	11.1332539161221	26.1096605744125	21.394859243221	5.47324404647879	0	103.773731755281
hsa-miR-1976	11.9745182252167	0	0	0	10.443864229765	0	0	0	0
hsa-miR-1273h-3p	11.9745182252167	2.51541319434837	4.93219465399421	0	10.443864229765	8.55794369728842	0	5.31219786874621	0
hsa-miR-181a-3p	11.9745182252167	7.54623958304511	12.3304866349855	0	5.22193211488251	4.27897184864421	0	0	2.59434329388202
hsa-miR-7-1-3p	11.9745182252167	0	2.46609732699711	22.2665078322441	0	4.27897184864421	0	0	7.78302988164606
hsa-miR-339-5p	11.9745182252167	0	2.46609732699711	0	0	0	0	0	2.59434329388202
hsa-miR-6862-5p	11.9745182252167	0	0	0	0	0	0	0	0
hsa-miR-378c	9.97876518768062	15.0924791660902	24.6609732699711	0	10.443864229765	12.8369155459326	5.47324404647879	5.31219786874621	2.59434329388202
hsa-miR-6810-5p	9.97876518768062	0	0	0	0	0	0	0	0
hsa-miR-1294	9.97876518768062	2.51541319434837	2.46609732699711	0	0	4.27897184864421	0	0	36.3208061143483
hsa-miR-125b-5p	9.97876518768062	7.54623958304511	12.3304866349855	0	5.22193211488251	17.1158873945768	38.3127083253515	0	7.78302988164606
hsa-miR-3691-5p	9.97876518768062	5.03082638869674	12.3304866349855	0	5.22193211488251	4.27897184864421	0	5.31219786874621	10.3773731755281
hsa-miR-1255a	9.97876518768062	5.03082638869674	0	0	0	4.27897184864421	0	0	0
hsa-miR-760	9.97876518768062	15.0924791660902	2.46609732699711	0	0	4.27897184864421	5.47324404647879	15.9365936062386	0
hsa-miR-574-3p	9.97876518768062	12.5770659717418	7.39829198099132	0	0	4.27897184864421	0	5.31219786874621	0
hsa-miR-181d-5p	9.97876518768062	2.51541319434837	29.5931679239653	11.1332539161221	20.88772845953	10.6974296216105	5.47324404647879	2.65609893437311	2.59434329388202
hsa-miR-33a-5p	9.97876518768062	17.6078923604386	9.86438930798843	0	15.6657963446475	0	0	10.6243957374924	2.59434329388202
hsa-miR-6826-5p	7.98301215014449	0	0	0	0	0	0	0	0
hsa-miR-17-3p	7.98301215014449	10.0616527773935	2.46609732699711	55.6662695806103	15.6657963446475	21.394859243221	0	5.31219786874621	10.3773731755281
hsa-miR-299-5p	7.98301215014449	0	0	0	0	0	0	0	0
hsa-miR-301a-3p	7.98301215014449	2.51541319434837	2.46609732699711	0	0	4.27897184864421	0	0	0
hsa-miR-92b-5p	7.98301215014449	0	0	11.1332539161221	0	4.27897184864421	0	5.31219786874621	12.9717164694101
hsa-miR-625-5p	7.98301215014449	0	0	0	0	12.8369155459326	0	5.31219786874621	2.59434329388202
hsa-miR-338-3p	7.98301215014449	0	2.46609732699711	0	15.6657963446475	4.27897184864421	16.4197321394364	10.6243957374924	0
hsa-miR-148b-5p	7.98301215014449	27.6695451378321	14.7965839619826	0	31.331592689295	12.8369155459326	21.8929761859152	0	5.18868658776404
hsa-miR-421	7.98301215014449	7.54623958304511	9.86438930798843	0	10.443864229765	8.55794369728842	0	5.31219786874621	15.5660597632921
hsa-miR-338-5p	7.98301215014449	5.03082638869674	7.39829198099132	0	10.443864229765	8.55794369728842	10.9464880929576	5.31219786874621	10.3773731755281
hsa-miR-5010-5p	7.98301215014449	0	0	11.1332539161221	5.22193211488251	0	5.47324404647879	0	2.59434329388202
hsa-miR-150-3p	7.98301215014449	0	12.3304866349855	0	10.443864229765	4.27897184864421	0	0	5.18868658776404
hsa-miR-3146	7.98301215014449	0	0	0	0	4.27897184864421	0	0	0
hsa-miR-4435	7.98301215014449	0	2.46609732699711	0	0	0	0	10.6243957374924	2.59434329388202
hsa-miR-452-5p	7.98301215014449	2.51541319434837	12.3304866349855	0	5.22193211488251	4.27897184864421	38.3127083253515	5.31219786874621	7.78302988164606
hsa-miR-378d	7.65038664388847	7.9654751154365	1.64406488466474	3.71108463870735	31.331592689295	8.55794369728842	4.56103670539899	5.31219786874621	10.8097637245084
hsa-miR-500a-3p	6.98513563137643	2.51541319434837	7.39829198099132	0	10.443864229765	21.394859243221	0	5.31219786874621	6.48585823470505
hsa-miR-501-3p	5.98725911260837	5.03082638869674	9.86438930798843	22.2665078322441	10.443864229765	17.1158873945768	5.47324404647879	5.31219786874621	33.7264628204663
hsa-miR-3120-3p	5.98725911260837	2.51541319434837	0	0	0	0	0	10.6243957374924	0
hsa-miR-505-3p	5.98725911260837	0	2.46609732699711	0	0	0	0	0	0
hsa-miR-145-3p	5.98725911260837	0	0	0	0	0	10.9464880929576	0	5.18868658776404
hsa-miR-1226-3p	5.98725911260837	2.51541319434837	0	0	0	0	0	0	0
hsa-miR-548e-3p	5.98725911260837	10.0616527773935	7.39829198099132	22.2665078322441	0	0	0	0	5.18868658776404
hsa-miR-493-3p	5.98725911260837	0	4.93219465399421	0	15.6657963446475	4.27897184864421	0	0	23.3490896449382
hsa-miR-766-3p	5.98725911260837	2.51541319434837	2.46609732699711	11.1332539161221	10.443864229765	8.55794369728842	0	5.31219786874621	2.59434329388202
hsa-miR-659-5p	5.98725911260837	2.51541319434837	0	0	0	4.27897184864421	0	0	0
hsa-miR-1299	5.98725911260837	0	76.4490171369103	0	0	21.394859243221	5.47324404647879	5.31219786874621	10.3773731755281
hsa-miR-4784	5.98725911260837	0	0	0	0	0	0	0	0
hsa-miR-6873-5p	5.98725911260837	0	0	0	0	0	0	0	0
hsa-miR-370-3p	5.98725911260837	10.0616527773935	14.7965839619826	11.1332539161221	31.331592689295	4.27897184864421	0	5.31219786874621	7.78302988164606
hsa-miR-96-5p	5.98725911260837	10.0616527773935	4.93219465399421	0	10.443864229765	0	10.9464880929576	0	23.3490896449382
hsa-miR-32-5p	5.98725911260837	7.54623958304511	34.5253625779595	33.3997617483662	15.6657963446475	17.1158873945768	21.8929761859152	0	15.5660597632921
hsa-miR-7706	5.98725911260837	0	2.46609732699711	0	0	4.27897184864421	0	0	2.59434329388202
hsa-miR-3191-3p	5.98725911260837	5.03082638869674	0	0	0	0	0	0	0
hsa-miR-19a-3p	5.98725911260837	10.0616527773935	24.6609732699711	0	10.443864229765	17.1158873945768	5.47324404647879	5.31219786874621	44.1038359959943
hsa-miR-2276-3p	5.98725911260837	0	0	0	0	0	0	0	0
hsa-miR-345-5p	5.98725911260837	17.6078923604386	12.3304866349855	11.1332539161221	0	4.27897184864421	5.47324404647879	15.9365936062386	5.18868658776404
hsa-miR-487b-3p	5.98725911260837	2.51541319434837	0	0	0	0	0	0	0
hsa-miR-4773	5.98725911260837	0	0	33.3997617483662	0	0	0	0	0
hsa-miR-627-5p	5.98725911260837	7.54623958304511	22.194875942974	0	10.443864229765	34.2317747891537	0	5.31219786874621	7.78302988164606
hsa-miR-1908-5p	5.98725911260837	0	4.93219465399421	0	0	0	0	0	0
hsa-miR-151b	5.98725911260837	15.0924791660902	6.16524331749277	0	10.443864229765	27.8133170161874	0	7.96829680311932	44.1038359959943
hsa-miR-125b-2-3p	5.98725911260837	0	4.93219465399421	0	0	0	5.47324404647879	31.8731872124773	2.59434329388202
hsa-miR-30c-2-3p	5.98725911260837	0	0	0	0	0	0	0	2.59434329388202
hsa-miR-6892-5p	5.98725911260837	2.51541319434837	0	0	10.443864229765	4.27897184864421	0	0	0
hsa-miR-93-3p	5.98725911260837	5.03082638869674	2.46609732699711	0	0	8.55794369728842	5.47324404647879	0	5.18868658776404
hsa-miR-532-3p	5.98725911260837	2.51541319434837	2.46609732699711	0	5.22193211488251	8.55794369728842	0	0	0
hsa-miR-382-3p	5.98725911260837	0	0	0	0	0	0	0	0
hsa-miR-5588-5p	5.98725911260837	0	0	0	0	0	0	0	0
hsa-miR-6859-5p	5.98725911260837	0	0	0	0	0	0	5.31219786874621	2.59434329388202
hsa-miR-27a-5p	3.99150607507225	7.54623958304511	7.39829198099132	0	0	4.27897184864421	0	0	5.18868658776404
hsa-miR-1290	3.99150607507225	0	0	0	5.22193211488251	0	10.9464880929576	0	0
hsa-miR-125a-3p	3.99150607507225	27.6695451378321	2.46609732699711	0	5.22193211488251	0	5.47324404647879	0	2.59434329388202
hsa-miR-181c-3p	3.99150607507225	0	2.46609732699711	0	0	8.55794369728842	5.47324404647879	15.9365936062386	0
hsa-miR-151a-5p	3.99150607507225	2.51541319434837	0	0	0	8.55794369728842	0	0	1.29717164694101
hsa-miR-3690	3.99150607507225	0	2.46609732699711	0	0	4.27897184864421	0	0	0
hsa-miR-2355-3p	3.99150607507225	7.54623958304511	7.39829198099132	0	10.443864229765	4.27897184864421	5.47324404647879	0	0
hsa-miR-941	3.99150607507225	7.54623958304511	7.39829198099132	0	10.443864229765	4.27897184864421	5.47324404647879	5.31219786874621	0
hsa-miR-4804-5p	3.99150607507225	0	0	0	0	0	0	0	0
hsa-miR-200b-3p	3.99150607507225	0	0	0	0	0	0	0	7.78302988164606
hsa-miR-6511b-5p	3.99150607507225	0	0	0	0	0	0	0	0
hsa-miR-135a-3p	3.99150607507225	0	0	0	0	4.27897184864421	0	0	0
hsa-miR-4504	3.99150607507225	0	2.46609732699711	0	5.22193211488251	0	0	0	5.18868658776404
hsa-miR-26a-2-3p	3.99150607507225	0	0	0	0	0	0	0	0
hsa-miR-6850-5p	3.99150607507225	0	0	0	5.22193211488251	0	0	0	5.18868658776404
hsa-miR-331-3p	3.99150607507225	0	0	0	10.443864229765	0	0	5.31219786874621	2.59434329388202
hsa-miR-199b-5p	3.99150607507225	0	0	0	0	0	0	0	0
hsa-miR-424-3p	3.99150607507225	0	0	0	0	0	0	0	7.78302988164606
hsa-miR-6505-5p	3.99150607507225	0	0	0	0	0	0	0	0
hsa-miR-4533	3.99150607507225	7.54623958304511	0	0	0	4.27897184864421	0	0	0
hsa-miR-411-3p	3.99150607507225	0	0	0	0	0	0	0	0
hsa-miR-200a-3p	3.99150607507225	0	4.93219465399421	0	0	0	0	5.31219786874621	2.59434329388202
hsa-miR-378f	3.99150607507225	12.5770659717418	4.93219465399421	11.1332539161221	41.7754569190601	0	5.47324404647879	0	7.78302988164606
hsa-miR-543	3.99150607507225	0	7.39829198099132	0	0	4.27897184864421	0	0	2.59434329388202
hsa-miR-34c-5p	3.99150607507225	5.03082638869674	29.5931679239653	0	5.22193211488251	12.8369155459326	16.4197321394364	10.6243957374924	2.59434329388202
hsa-miR-190a-5p	3.99150607507225	5.03082638869674	4.93219465399421	0	0	0	0	0	0
hsa-miR-629-3p	3.99150607507225	0	0	0	0	0	5.47324404647879	0	0
hsa-miR-4665-5p	3.99150607507225	0	2.46609732699711	0	0	0	0	0	0
hsa-miR-377-5p	3.99150607507225	0	0	0	0	0	0	0	0
hsa-miR-3140-3p	3.99150607507225	0	7.39829198099132	0	0	0	0	0	0
hsa-miR-214-3p	3.99150607507225	0	0	0	0	0	0	0	0
hsa-miR-132-3p	3.99150607507225	0	0	0	5.22193211488251	0	0	0	2.59434329388202
hsa-miR-181c-5p	3.99150607507225	0	7.39829198099132	0	5.22193211488251	12.8369155459326	0	10.6243957374924	2.59434329388202
hsa-miR-550a-3-5p|hsa-miR-550a-5p	2.99362955630418	5.03082638869674	0	0	0	0	0	0	2.59434329388202
hsa-miR-7110-3p	1.99575303753612	0	0	0	0	0	0	0	0
hsa-miR-3064-5p	1.99575303753612	0	0	0	0	0	0	0	2.59434329388202
hsa-miR-7110-5p	1.99575303753612	0	0	0	0	0	0	0	0
hsa-miR-185-3p	1.99575303753612	0	2.46609732699711	0	0	12.8369155459326	0	0	2.59434329388202
hsa-miR-542-5p	1.99575303753612	0	2.46609732699711	0	0	4.27897184864421	0	0	0
hsa-miR-450a-5p	1.99575303753612	0	0	0	5.22193211488251	0	0	0	0
hsa-miR-589-5p	1.99575303753612	7.54623958304511	7.39829198099132	0	10.443864229765	8.55794369728842	5.47324404647879	0	10.3773731755281
hsa-miR-485-3p	1.99575303753612	0	0	0	5.22193211488251	0	0	0	0
hsa-miR-6755-5p	1.99575303753612	0	0	0	0	0	0	0	0
hsa-miR-376c-3p	1.99575303753612	0	0	0	5.22193211488251	0	0	0	0
hsa-miR-202-3p	1.99575303753612	0	0	0	0	0	0	0	0
hsa-miR-660-5p	1.99575303753612	2.51541319434837	9.86438930798843	22.2665078322441	5.22193211488251	4.27897184864421	0	0	18.1604030571741
hsa-miR-5698	1.99575303753612	2.51541319434837	0	0	0	17.1158873945768	0	5.31219786874621	31.1321195265842
hsa-miR-885-3p	1.99575303753612	0	0	0	0	0	0	10.6243957374924	5.18868658776404
hsa-miR-2392	1.99575303753612	0	0	0	0	0	0	0	0
hsa-miR-6779-5p	1.99575303753612	0	0	0	0	0	0	0	0
hsa-miR-4637	1.99575303753612	0	0	0	0	0	0	0	0
hsa-miR-487a-5p	1.99575303753612	0	0	0	0	4.27897184864421	0	0	0
hsa-miR-127-5p	1.99575303753612	0	2.46609732699711	0	0	0	0	0	0
hsa-miR-3129-3p	1.99575303753612	0	0	0	0	0	0	0	0
hsa-miR-6738-5p	1.99575303753612	0	0	0	0	0	0	0	0
hsa-miR-616-3p	1.99575303753612	7.54623958304511	0	0	0	4.27897184864421	0	0	2.59434329388202
hsa-miR-3188	1.99575303753612	0	0	0	0	0	0	0	0
hsa-miR-7849-3p	1.99575303753612	0	0	0	0	0	0	0	0
hsa-miR-3138	1.99575303753612	0	0	0	0	0	5.47324404647879	0	0
hsa-miR-6133	1.99575303753612	0	0	0	0	0	0	0	0
hsa-miR-195-5p	1.99575303753612	0	7.39829198099132	0	5.22193211488251	4.27897184864421	0	0	0
hsa-miR-3682-3p	1.99575303753612	10.0616527773935	4.93219465399421	0	0	0	0	0	2.59434329388202
hsa-miR-1275	1.99575303753612	2.51541319434837	0	0	5.22193211488251	0	0	0	0
hsa-miR-651-5p	1.99575303753612	5.03082638869674	0	0	0	4.27897184864421	5.47324404647879	0	2.59434329388202
hsa-miR-6799-5p	1.99575303753612	0	0	0	0	0	0	0	0
hsa-miR-589-3p	1.99575303753612	0	0	0	0	0	0	0	0
hsa-miR-509-3p	1.99575303753612	0	0	0	0	0	0	0	0
hsa-miR-548ap-5p|hsa-miR-548j-5p	1.99575303753612	2.51541319434837	0	0	5.22193211488251	0	0	0	0
hsa-miR-331-5p	1.99575303753612	0	2.46609732699711	0	5.22193211488251	0	0	10.6243957374924	0
hsa-miR-21-3p	1.99575303753612	2.51541319434837	2.46609732699711	22.2665078322441	5.22193211488251	0	0	5.31219786874621	2.59434329388202
hsa-miR-2277-5p	1.99575303753612	0	0	0	0	0	0	0	0
hsa-miR-323b-3p	1.99575303753612	0	4.93219465399421	0	5.22193211488251	0	0	0	2.59434329388202
hsa-miR-3127-5p	1.99575303753612	15.0924791660902	2.46609732699711	0	0	25.6738310918652	0	0	10.3773731755281
hsa-miR-4498	1.99575303753612	2.51541319434837	0	0	0	0	10.9464880929576	15.9365936062386	2.59434329388202
hsa-miR-6852-5p	1.99575303753612	0	0	0	10.443864229765	4.27897184864421	0	0	0
hsa-miR-548an	1.99575303753612	0	0	0	0	0	0	0	0
hsa-miR-26a-1-3p	1.99575303753612	0	2.46609732699711	0	0	0	0	0	0
hsa-miR-6858-5p	1.99575303753612	0	0	0	0	0	0	0	0
hsa-miR-6894-5p	1.99575303753612	0	0	0	0	0	0	0	0
hsa-miR-3124-5p	1.99575303753612	0	0	0	0	0	0	0	0
hsa-miR-582-3p	1.99575303753612	0	0	0	5.22193211488251	0	5.47324404647879	0	2.59434329388202
hsa-miR-505-5p	1.99575303753612	0	4.93219465399421	11.1332539161221	10.443864229765	0	0	0	0
hsa-miR-6501-5p	1.99575303753612	0	0	0	0	0	0	0	0
hsa-miR-30c-1-3p	1.99575303753612	0	0	0	0	0	0	5.31219786874621	0
hsa-miR-143-5p	1.99575303753612	0	2.46609732699711	0	0	0	0	0	0
hsa-miR-4510	1.99575303753612	0	0	0	0	0	0	0	5.18868658776404
hsa-miR-6885-5p	1.99575303753612	0	2.46609732699711	0	0	0	0	0	0
hsa-miR-3911	1.99575303753612	0	0	0	0	0	0	0	2.59434329388202
hsa-miR-4762-5p	1.99575303753612	0	0	0	0	4.27897184864421	0	5.31219786874621	0
hsa-miR-27b-5p	1.99575303753612	7.54623958304511	2.46609732699711	0	5.22193211488251	8.55794369728842	0	15.9365936062386	0
hsa-miR-25-5p	1.99575303753612	0	0	22.2665078322441	5.22193211488251	0	0	0	5.18868658776404
hsa-miR-6513-5p	1.99575303753612	0	0	0	0	0	0	0	0
hsa-miR-6839-5p	1.99575303753612	0	0	0	0	0	0	0	0
hsa-miR-145-5p	1.99575303753612	0	12.3304866349855	0	0	4.27897184864421	5.47324404647879	5.31219786874621	0
hsa-miR-320e	1.99575303753612	0	0	0	0	0	0	0	0
hsa-miR-4638-5p	1.99575303753612	0	0	0	0	0	0	0	0
hsa-miR-548j-5p	1.99575303753612	2.51541319434837	0	0	0	0	0	0	0
hsa-miR-548n	1.99575303753612	2.51541319434837	0	0	0	0	0	0	5.18868658776404
hsa-miR-3074-5p	1.99575303753612	0	0	0	0	0	0	0	0
hsa-miR-1179	1.99575303753612	2.51541319434837	0	0	0	0	0	0	0
hsa-miR-4436b-3p	1.99575303753612	0	0	0	0	0	0	0	0
hsa-miR-1224-5p	1.99575303753612	10.0616527773935	9.86438930798843	0	20.88772845953	4.27897184864421	5.47324404647879	0	20.7547463510562
hsa-miR-410-3p	1.99575303753612	2.51541319434837	2.46609732699711	0	0	8.55794369728842	0	0	0
hsa-miR-130b-5p	1.99575303753612	0	0	0	0	0	0	0	0
hsa-miR-7976	1.99575303753612	0	0	0	0	0	0	0	0
hsa-miR-15b-3p	1.99575303753612	2.51541319434837	9.86438930798843	55.6662695806103	15.6657963446475	12.8369155459326	5.47324404647879	0	23.3490896449382
hsa-miR-1228-5p	1.99575303753612	0	4.93219465399421	0	0	0	0	0	0
hsa-miR-200b-5p	1.99575303753612	0	2.46609732699711	0	5.22193211488251	4.27897184864421	0	0	0
hsa-miR-877-5p	1.99575303753612	2.51541319434837	0	11.1332539161221	20.88772845953	4.27897184864421	0	0	5.18868658776404
hsa-miR-6842-3p	1.99575303753612	5.03082638869674	0	0	10.443864229765	4.27897184864421	0	0	0
hsa-miR-1262	1.99575303753612	0	0	0	10.443864229765	0	0	0	0
hsa-miR-181a-2-3p	1.99575303753612	0	7.39829198099132	0	0	4.27897184864421	5.47324404647879	5.31219786874621	2.59434329388202
hsa-miR-4644	1.99575303753612	0	0	0	0	0	0	0	2.59434329388202
hsa-miR-642b-3p	0.997876518768062	0	0	0	0	0	0	0	0
hsa-miR-550a-3-5p	0.997876518768062	0	2.46609732699711	0	0	0	0	0	0
hsa-let-7c	0.997876518768062	1.25770659717418	0	0	2.61096605744125	0	7.29765872863838	2.65609893437311	0.864781097960673
hsa-miR-502-3p	0.997876518768062	0	2.46609732699711	0	5.22193211488251	0	0	0	1.29717164694101
hsa-mir-320c-1	0.997876518768062	0	0	0	0	0	0	0	0
hsa-let-7a-1	0.665251012512041	0	0	0	0	0	0	0	0.864781097960673
hsa-let-7a-3	0.665251012512041	0	0	0	0	0	0	0	1.72956219592135
hsa-miR-22-5p	0	12.5770659717418	7.39829198099132	0	10.443864229765	4.27897184864421	5.47324404647879	0	12.9717164694101
hsa-miR-7854-3p	0	10.0616527773935	2.46609732699711	0	0	0	0	0	2.59434329388202
hsa-let-7a-3p	0	10.0616527773935	12.3304866349855	0	10.443864229765	4.27897184864421	5.47324404647879	0	2.59434329388202
hsa-miR-95-3p	0	10.0616527773935	7.39829198099132	0	5.22193211488251	0	5.47324404647879	5.31219786874621	5.18868658776404
hsa-miR-101-5p	0	7.54623958304511	0	0	5.22193211488251	8.55794369728842	0	0	7.78302988164606
hsa-miR-3158-3p	0	7.54623958304511	0	22.2665078322441	5.22193211488251	4.27897184864421	0	5.31219786874621	25.9434329388202
hsa-miR-378e	0	7.54623958304511	2.46609732699711	0	0	8.55794369728842	5.47324404647879	0	5.18868658776404
hsa-let-7i-3p	0	7.54623958304511	0	0	0	0	0	0	2.59434329388202
hsa-miR-335-3p	0	7.54623958304511	7.39829198099132	0	15.6657963446475	0	0	0	2.59434329388202
hsa-let-7f-1-3p	0	5.03082638869674	0	0	0	0	5.47324404647879	0	0
hsa-miR-3613-3p	0	5.03082638869674	2.46609732699711	0	0	0	0	0	0
hsa-miR-365b-5p	0	5.03082638869674	0	0	0	4.27897184864421	0	0	0
hsa-miR-1229-3p	0	5.03082638869674	0	0	0	0	0	0	0
hsa-miR-4743-5p	0	5.03082638869674	0	0	0	0	0	5.31219786874621	0
hsa-miR-4659a-3p	0	5.03082638869674	0	22.2665078322441	0	4.27897184864421	0	0	7.78302988164606
hsa-miR-940	0	5.03082638869674	0	0	0	0	0	0	0
hsa-miR-3934-5p	0	5.03082638869674	2.46609732699711	0	5.22193211488251	0	0	0	2.59434329388202
hsa-miR-3130-5p	0	5.03082638869674	0	0	0	0	0	0	0
hsa-miR-196a-5p	0	5.03082638869674	0	0	0	0	0	0	7.78302988164606
hsa-miR-3675-5p	0	5.03082638869674	0	0	0	0	0	0	2.59434329388202
hsa-miR-4753-5p	0	5.03082638869674	0	0	0	0	0	0	0
hsa-miR-1273h-5p	0	2.51541319434837	0	0	0	0	0	0	0
hsa-miR-3679-5p	0	2.51541319434837	0	0	10.443864229765	0	0	0	0
hsa-miR-4785	0	2.51541319434837	0	0	5.22193211488251	0	0	0	0
hsa-miR-6511a-3p	0	2.51541319434837	2.46609732699711	0	0	0	0	5.31219786874621	0
hsa-miR-4779	0	2.51541319434837	0	0	0	0	0	0	0
hsa-miR-497-5p	0	2.51541319434837	0	0	0	0	0	0	0
hsa-miR-548j-3p	0	2.51541319434837	0	0	0	0	5.47324404647879	5.31219786874621	0
hsa-miR-548aw	0	2.51541319434837	0	0	0	0	0	0	0
hsa-miR-942-5p	0	2.51541319434837	0	11.1332539161221	0	8.55794369728842	0	5.31219786874621	7.78302988164606
hsa-miR-579-5p	0	2.51541319434837	0	0	0	0	0	0	0
hsa-miR-3913-5p	0	2.51541319434837	0	0	0	0	0	0	2.59434329388202
hsa-miR-6740-5p	0	2.51541319434837	0	0	0	0	0	5.31219786874621	2.59434329388202
hsa-miR-376a-3p	0	2.51541319434837	2.46609732699711	0	5.22193211488251	0	0	0	7.78302988164606
hsa-miR-203a-3p	0	2.51541319434837	19.7287786159769	0	15.6657963446475	0	16.4197321394364	5.31219786874621	18.1604030571741
hsa-miR-6825-5p	0	2.51541319434837	0	0	0	0	0	0	0
hsa-miR-4437	0	2.51541319434837	0	0	0	0	5.47324404647879	0	0
hsa-miR-99b-3p	0	2.51541319434837	7.39829198099132	0	0	0	0	0	0
hsa-miR-548a-3p	0	2.51541319434837	2.46609732699711	0	0	4.27897184864421	0	0	2.59434329388202
hsa-miR-766-5p	0	2.51541319434837	2.46609732699711	0	0	4.27897184864421	0	0	0
hsa-miR-6780a-5p	0	2.51541319434837	0	0	0	0	0	0	0
hsa-miR-6787-5p	0	2.51541319434837	0	0	0	0	0	0	0
hsa-miR-5582-3p	0	2.51541319434837	0	0	0	0	0	0	0
hsa-miR-3617-5p	0	2.51541319434837	0	0	0	0	0	0	2.59434329388202
hsa-miR-1238-3p	0	2.51541319434837	0	0	0	0	0	0	0
hsa-miR-3154	0	2.51541319434837	2.46609732699711	0	0	0	0	0	5.18868658776404
hsa-miR-6761-5p	0	2.51541319434837	0	0	0	0	0	0	0
hsa-miR-6503-3p	0	2.51541319434837	0	0	0	0	0	0	0
hsa-miR-3176	0	2.51541319434837	2.46609732699711	0	0	0	0	0	5.18868658776404
hsa-miR-4738-3p	0	2.51541319434837	0	0	5.22193211488251	0	0	0	0
hsa-miR-4741	0	2.51541319434837	0	0	0	0	0	0	5.18868658776404
hsa-miR-4444	0	2.51541319434837	0	11.1332539161221	5.22193211488251	0	0	0	0
hsa-miR-378h	0	2.51541319434837	0	0	0	0	0	0	0
hsa-miR-939-5p	0	2.51541319434837	0	0	0	0	0	0	0
hsa-miR-141-3p	0	0	14.7965839619826	0	5.22193211488251	12.8369155459326	5.47324404647879	0	5.18868658776404
hsa-miR-4647	0	0	12.3304866349855	0	0	0	0	0	2.59434329388202
hsa-miR-376a-5p	0	0	9.86438930798843	0	10.443864229765	0	0	0	0
hsa-miR-487a-3p	0	0	7.39829198099132	0	0	0	0	0	0
hsa-miR-671-5p	0	0	7.39829198099132	0	0	0	0	0	0
hsa-miR-4511	0	0	7.39829198099132	0	0	0	0	0	0
hsa-miR-330-5p	0	0	7.39829198099132	22.2665078322441	0	0	0	0	0
hsa-miR-6807-5p	0	0	7.39829198099132	0	0	0	0	0	0
hsa-miR-494-3p	0	0	7.39829198099132	0	0	0	5.47324404647879	0	0
hsa-miR-29b-2-5p	0	0	4.93219465399421	0	0	0	0	0	0
hsa-miR-1227-3p	0	0	4.93219465399421	0	0	0	0	0	0
hsa-miR-541-3p	0	0	4.93219465399421	0	0	0	0	0	0
hsa-miR-26b-3p	0	0	4.93219465399421	0	5.22193211488251	0	0	0	0
hsa-miR-138-2-3p	0	0	4.93219465399421	0	0	0	0	0	0
hsa-miR-6891-5p	0	0	4.93219465399421	0	5.22193211488251	0	0	0	0
hsa-miR-6793-5p	0	0	4.93219465399421	0	0	0	0	0	0
hsa-miR-2115-5p	0	0	4.93219465399421	0	0	0	0	0	0
hsa-miR-4429	0	0	4.93219465399421	0	0	0	0	0	0
hsa-miR-5683	0	0	4.93219465399421	0	5.22193211488251	0	0	0	0
hsa-miR-4754	0	0	4.93219465399421	0	0	0	0	0	0
hsa-miR-136-3p	0	0	4.93219465399421	0	0	0	0	0	0
hsa-miR-3121-3p	0	0	4.93219465399421	0	0	0	0	0	5.18868658776404
hsa-miR-576-5p	0	0	4.93219465399421	0	0	0	0	0	0
hsa-miR-4685-3p	0	0	4.93219465399421	0	0	0	0	0	0
hsa-miR-548av-3p|hsa-miR-548o-3p	0	0	2.46609732699711	0	5.22193211488251	4.27897184864421	0	5.31219786874621	2.59434329388202
hsa-miR-5009-5p	0	0	2.46609732699711	0	0	0	0	0	0
hsa-miR-874-3p	0	0	2.46609732699711	0	0	0	0	0	2.59434329388202
hsa-miR-4677-5p	0	0	2.46609732699711	0	0	0	0	0	0
hsa-miR-4797-3p	0	0	2.46609732699711	0	0	0	0	0	0
hsa-miR-495-3p	0	0	2.46609732699711	0	5.22193211488251	0	0	0	0
hsa-miR-4491	0	0	2.46609732699711	0	0	0	0	0	0
hsa-miR-365a-5p	0	0	2.46609732699711	0	0	0	0	0	0
hsa-miR-1277-3p	0	0	2.46609732699711	0	0	0	0	0	0
hsa-miR-3605-3p	0	0	2.46609732699711	0	0	0	0	0	0
hsa-miR-545-3p	0	0	2.46609732699711	0	0	0	0	0	0
hsa-miR-454-5p	0	0	2.46609732699711	0	5.22193211488251	0	0	0	7.78302988164606
hsa-miR-664a-3p	0	0	2.46609732699711	0	0	4.27897184864421	0	0	0
hsa-miR-3151-5p	0	0	2.46609732699711	0	0	0	0	0	0
hsa-miR-504-5p	0	0	2.46609732699711	0	0	0	0	0	0
hsa-miR-4648	0	0	2.46609732699711	0	0	0	0	0	0
hsa-miR-6882-5p	0	0	2.46609732699711	0	0	0	0	0	5.18868658776404
hsa-miR-3942-5p	0	0	2.46609732699711	0	0	0	0	0	2.59434329388202
hsa-miR-5584-5p	0	0	2.46609732699711	0	0	0	0	0	0
hsa-miR-6783-5p	0	0	2.46609732699711	0	0	0	0	0	2.59434329388202
hsa-miR-1271-5p	0	0	2.46609732699711	0	0	0	0	0	0
hsa-miR-4646-5p	0	0	2.46609732699711	11.1332539161221	0	0	0	0	2.59434329388202
hsa-miR-6791-5p	0	0	2.46609732699711	0	0	0	0	0	0
hsa-miR-205-5p	0	0	2.46609732699711	0	0	0	0	0	0
hsa-miR-4454	0	0	2.46609732699711	0	0	0	0	0	0
hsa-miR-299-3p	0	0	2.46609732699711	0	0	0	0	0	0
hsa-miR-433-3p	0	0	2.46609732699711	0	0	0	0	0	0
hsa-miR-9-3p	0	0	2.46609732699711	0	0	0	0	0	0
hsa-miR-1306-5p	0	0	2.46609732699711	0	5.22193211488251	0	5.47324404647879	5.31219786874621	0
hsa-miR-20b-3p	0	0	2.46609732699711	0	0	0	0	0	0
hsa-miR-6819-3p	0	0	2.46609732699711	0	0	0	0	0	0
hsa-miR-4732-3p	0	0	2.46609732699711	0	0	0	0	0	12.9717164694101
hsa-miR-1295b-3p	0	0	2.46609732699711	0	0	0	0	0	0
hsa-miR-6734-3p	0	0	2.46609732699711	0	0	0	0	0	0
hsa-miR-23a-5p	0	0	2.46609732699711	0	0	0	0	0	0
hsa-miR-29c-5p	0	0	2.46609732699711	0	0	0	0	0	0
hsa-miR-6804-5p	0	0	2.46609732699711	0	0	4.27897184864421	0	0	0
hsa-mir-320b-1	0	0	0.986438930798843	0	0	0	0	0	0
hsa-mir-320a	0	0	0.986438930798843	0	0	0	0	0	0
hsa-mir-320b-2	0	0	0.986438930798843	0	0	0	0	0	0
hsa-let-7b-3p	0	0	0	44.5330156644883	0	0	0	0	10.3773731755281
hsa-miR-4672	0	0	0	22.2665078322441	0	0	0	0	0
hsa-miR-551a	0	0	0	11.1332539161221	0	0	0	0	0
hsa-miR-6736-5p	0	0	0	11.1332539161221	0	0	0	0	0
hsa-miR-4707-3p	0	0	0	11.1332539161221	0	0	0	0	0
hsa-miR-1273c	0	0	0	11.1332539161221	0	0	0	0	10.3773731755281
hsa-miR-6884-5p	0	0	0	0	15.6657963446475	0	0	0	7.78302988164606
hsa-miR-337-5p	0	0	0	0	10.443864229765	0	0	0	0
hsa-miR-369-5p	0	0	0	0	10.443864229765	4.27897184864421	0	0	0
hsa-miR-136-5p	0	0	0	0	10.443864229765	0	0	0	2.59434329388202
hsa-miR-3187-3p	0	0	0	0	10.443864229765	0	0	0	2.59434329388202
hsa-miR-380-5p	0	0	0	0	10.443864229765	0	0	0	2.59434329388202
hsa-miR-4772-5p	0	0	0	0	5.22193211488251	0	0	0	0
hsa-miR-4306	0	0	0	0	5.22193211488251	0	0	0	0
hsa-miR-6890-5p	0	0	0	0	5.22193211488251	0	0	0	2.59434329388202
hsa-miR-4746-5p	0	0	0	0	5.22193211488251	0	0	0	0
hsa-miR-2115-3p	0	0	0	0	5.22193211488251	0	0	0	0
hsa-miR-590-5p	0	0	0	0	5.22193211488251	4.27897184864421	0	0	0
hsa-miR-3667-5p	0	0	0	0	5.22193211488251	0	0	0	0
hsa-miR-3164	0	0	0	0	5.22193211488251	0	0	0	7.78302988164606
hsa-miR-765	0	0	0	0	5.22193211488251	0	0	0	0
hsa-miR-186-3p	0	0	0	0	5.22193211488251	0	0	0	0
hsa-miR-365a-3p|hsa-miR-365b-3p	0	0	0	0	5.22193211488251	0	0	0	0
hsa-miR-671-3p	0	0	0	0	5.22193211488251	0	0	0	0
hsa-miR-6718-5p	0	0	0	0	5.22193211488251	0	0	0	0
hsa-miR-16-1-3p	0	0	0	0	5.22193211488251	0	0	0	5.18868658776404
hsa-miR-550a-3p	0	0	0	0	5.22193211488251	4.27897184864421	0	0	7.78302988164606
hsa-miR-3180|hsa-miR-3180-3p	0	0	0	0	5.22193211488251	0	0	0	0
hsa-miR-369-3p	0	0	0	0	5.22193211488251	4.27897184864421	5.47324404647879	0	5.18868658776404
hsa-miR-1276	0	0	0	0	5.22193211488251	0	0	0	0
hsa-miR-6128	0	0	0	0	5.22193211488251	0	0	0	0
hsa-miR-6507-5p	0	0	0	0	5.22193211488251	0	0	0	0
hsa-miR-6853-3p	0	0	0	0	5.22193211488251	0	0	0	0
hsa-miR-539-3p	0	0	0	0	5.22193211488251	0	0	0	0
hsa-miR-6868-3p	0	0	0	0	5.22193211488251	0	0	0	0
hsa-miR-146b-3p	0	0	0	0	5.22193211488251	4.27897184864421	0	0	0
hsa-miR-548q	0	0	0	0	5.22193211488251	0	0	0	5.18868658776404
hsa-miR-6774-5p	0	0	0	0	5.22193211488251	0	0	0	0
hsa-miR-3175	0	0	0	0	5.22193211488251	0	5.47324404647879	10.6243957374924	5.18868658776404
hsa-miR-3064-3p	0	0	0	0	5.22193211488251	0	0	0	0
hsa-miR-4701-5p	0	0	0	0	5.22193211488251	0	0	0	0
hsa-miR-324-5p	0	0	0	0	5.22193211488251	0	0	10.6243957374924	7.78302988164606
hsa-miR-124-3p	0	0	0	0	5.22193211488251	0	0	0	0
hsa-miR-18a-3p	0	0	0	0	5.22193211488251	0	0	0	0
hsa-miR-7850-5p	0	0	0	0	5.22193211488251	0	5.47324404647879	0	0
hsa-miR-219a-1-3p	0	0	0	0	5.22193211488251	0	0	0	0
hsa-mir-215	0	0	0	0	2.61096605744125	2.1394859243221	0	0	1.29717164694101
hsa-miR-378i	0	0	0	0	2.61096605744125	4.27897184864421	0	0	0
hsa-miR-3614-5p	0	0	0	0	0	8.55794369728842	0	15.9365936062386	0
hsa-miR-4669	0	0	0	0	0	8.55794369728842	5.47324404647879	0	0
hsa-miR-301b-3p	0	0	0	0	0	8.55794369728842	5.47324404647879	0	0
hsa-miR-1287-5p	0	0	0	0	0	4.27897184864421	0	5.31219786874621	0
hsa-miR-6829-5p	0	0	0	0	0	4.27897184864421	0	0	0
hsa-miR-6516-3p	0	0	0	0	0	4.27897184864421	0	0	0
hsa-miR-6514-5p	0	0	0	0	0	4.27897184864421	0	0	5.18868658776404
hsa-miR-3200-5p	0	0	0	0	0	4.27897184864421	0	0	0
hsa-miR-6842-5p	0	0	0	0	0	4.27897184864421	0	0	0
hsa-miR-574-5p	0	0	0	0	0	4.27897184864421	0	0	0
hsa-miR-4489	0	0	0	0	0	4.27897184864421	0	0	5.18868658776404
hsa-miR-6741-3p	0	0	0	0	0	4.27897184864421	0	0	0
hsa-miR-5697	0	0	0	0	0	4.27897184864421	0	0	2.59434329388202
hsa-miR-4660	0	0	0	0	0	4.27897184864421	0	0	0
hsa-miR-1910-3p	0	0	0	0	0	4.27897184864421	0	0	0
hsa-miR-4632-5p	0	0	0	0	0	4.27897184864421	0	0	0
hsa-miR-4654	0	0	0	0	0	4.27897184864421	0	0	0
hsa-miR-3198	0	0	0	0	0	4.27897184864421	0	0	0
hsa-miR-3677-3p	0	0	0	0	0	4.27897184864421	0	0	0
hsa-miR-1260b	0	0	0	0	0	4.27897184864421	0	0	0
hsa-miR-5194	0	0	0	0	0	4.27897184864421	0	0	0
hsa-miR-592	0	0	0	0	0	4.27897184864421	0	0	0
hsa-miR-3173-5p	0	0	0	0	0	4.27897184864421	0	0	0
hsa-miR-582-5p	0	0	0	0	0	4.27897184864421	0	0	2.59434329388202
hsa-miR-30d-3p	0	0	0	0	0	4.27897184864421	0	0	2.59434329388202
hsa-miR-6877-5p	0	0	0	0	0	4.27897184864421	0	0	2.59434329388202
hsa-miR-4745-5p	0	0	0	0	0	4.27897184864421	0	0	0
hsa-miR-561-5p	0	0	0	0	0	4.27897184864421	0	0	0
hsa-miR-18b-5p	0	0	0	0	0	2.1394859243221	5.47324404647879	0	2.59434329388202
hsa-miR-454-3p	0	0	0	0	0	0	16.4197321394364	0	0
hsa-miR-6129	0	0	0	0	0	0	16.4197321394364	0	0
hsa-miR-1260a	0	0	0	0	0	0	5.47324404647879	0	0
hsa-miR-4681	0	0	0	0	0	0	5.47324404647879	0	0
hsa-miR-6855-3p	0	0	0	0	0	0	5.47324404647879	0	0
hsa-miR-508-3p	0	0	0	0	0	0	5.47324404647879	0	0
hsa-miR-1278	0	0	0	0	0	0	5.47324404647879	0	0
hsa-miR-340-3p	0	0	0	0	0	0	5.47324404647879	0	0
hsa-miR-153-3p	0	0	0	0	0	0	5.47324404647879	0	2.59434329388202
hsa-miR-499a-5p	0	0	0	0	0	0	5.47324404647879	0	0
hsa-miR-4646-3p	0	0	0	0	0	0	5.47324404647879	0	0
hsa-let-7f-2-3p	0	0	0	0	0	0	5.47324404647879	0	0
hsa-miR-937-3p	0	0	0	0	0	0	5.47324404647879	0	0
hsa-let-7b	0	0	0	0	0	0	1.8244146821596	0	0.864781097960673
hsa-miR-885-5p	0	0	0	0	0	0	0	21.2487914749849	0
hsa-miR-377-3p	0	0	0	0	0	0	0	10.6243957374924	0
hsa-miR-4520-3p	0	0	0	0	0	0	0	5.31219786874621	0
hsa-miR-4677-3p	0	0	0	0	0	0	0	5.31219786874621	0
hsa-miR-191-3p	0	0	0	0	0	0	0	5.31219786874621	5.18868658776404
hsa-miR-204-3p	0	0	0	0	0	0	0	5.31219786874621	2.59434329388202
hsa-miR-6803-3p	0	0	0	0	0	0	0	5.31219786874621	0
hsa-miR-5187-3p	0	0	0	0	0	0	0	5.31219786874621	0
hsa-miR-4512	0	0	0	0	0	0	0	5.31219786874621	0
hsa-miR-1277-5p	0	0	0	0	0	0	0	5.31219786874621	2.59434329388202
hsa-miR-483-3p	0	0	0	0	0	0	0	5.31219786874621	0
hsa-miR-103a-2-5p	0	0	0	0	0	0	0	5.31219786874621	0
hsa-miR-6813-5p	0	0	0	0	0	0	0	5.31219786874621	0
hsa-miR-6800-5p	0	0	0	0	0	0	0	5.31219786874621	0
hsa-miR-217	0	0	0	0	0	0	0	5.31219786874621	0
hsa-miR-6806-3p	0	0	0	0	0	0	0	0	7.78302988164606
hsa-miR-548ab	0	0	0	0	0	0	0	0	5.18868658776404
hsa-miR-4721	0	0	0	0	0	0	0	0	5.18868658776404
hsa-miR-5196-3p	0	0	0	0	0	0	0	0	5.18868658776404
hsa-miR-548az-5p	0	0	0	0	0	0	0	0	5.18868658776404
hsa-miR-431-5p	0	0	0	0	0	0	0	0	2.59434329388202
hsa-miR-329-3p	0	0	0	0	0	0	0	0	2.59434329388202
hsa-miR-6748-5p	0	0	0	0	0	0	0	0	2.59434329388202
hsa-miR-548d-3p	0	0	0	0	0	0	0	0	2.59434329388202
hsa-miR-4724-5p	0	0	0	0	0	0	0	0	2.59434329388202
hsa-miR-376b-3p	0	0	0	0	0	0	0	0	2.59434329388202
hsa-miR-6782-5p	0	0	0	0	0	0	0	0	2.59434329388202
hsa-miR-3619-3p	0	0	0	0	0	0	0	0	2.59434329388202
hsa-miR-3186-3p	0	0	0	0	0	0	0	0	2.59434329388202
hsa-miR-3163	0	0	0	0	0	0	0	0	2.59434329388202
hsa-miR-4521	0	0	0	0	0	0	0	0	2.59434329388202
hsa-miR-548ar-3p	0	0	0	0	0	0	0	0	2.59434329388202
hsa-miR-29b-3p	0	0	0	0	0	0	0	0	2.59434329388202
hsa-miR-590-3p	0	0	0	0	0	0	0	0	2.59434329388202
hsa-miR-3117-3p	0	0	0	0	0	0	0	0	2.59434329388202
hsa-miR-6511b-3p	0	0	0	0	0	0	0	0	2.59434329388202
hsa-miR-500a-5p	0	0	0	0	0	0	0	0	2.59434329388202
hsa-miR-3918	0	0	0	0	0	0	0	0	2.59434329388202
hsa-miR-1254	0	0	0	0	0	0	0	0	2.59434329388202
hsa-miR-3688-3p	0	0	0	0	0	0	0	0	2.59434329388202
hsa-miR-29a-5p	0	0	0	0	0	0	0	0	2.59434329388202
hsa-miR-132-5p	0	0	0	0	0	0	0	0	2.59434329388202
hsa-let-7a-2	0	0	0	0	0	0	0	0	1.72956219592135
hsa-mir-151b	0	0	0	0	0	0	0	0	1.29717164694101
