	sample_IYB1_R1_fastq	sample_IYB2_R1_fastq	sample_IYB3_R1_fastq	sample_IYB4_R1_fastq	sample_IYB5_R1_fastq
hsa-miR-21-5p	557.428666022527	44973.9188723988	36795.517494971	201.6028981192	2691.72707197485
hsa-miR-26a-5p	202.701333099101	6284.05260442799	8420.68849682406	120.96173887152	1412.92278517336
hsa-miR-148a-3p	165.539422030932	2424.88362678598	7905.52456657947	77.5395761996923	1584.46970169551
hsa-miR-143-3p	124.999155411112	710.706941406049	526.838755553881	65.1332440077416	1119.73350966277
hsa-miR-1-3p	114.864088756157	1.51429035810948	1.17729330850029	182.993399831274	1219.5426247302
hsa-miR-122-5p	108.107377652854	43587.0812860969	203211.911225806	96.1490744876185	252.641822514441
hsa-miR-133a-3p	67.5671110330336	0	0.196215551416716	198.501315071212	645.640213092461
hsa-let-7b-5p	57.4320443780785	3574.90302652801	5247.88303041577	62.0316609597539	411.712599653163
hsa-miR-22-3p	57.4320443780785	2329.98809767779	1748.86920977719	62.0316609597539	374.284181502876
hsa-miR-192-5p	54.0536888264268	12851.0251240961	20124.2593844012	20.16028981192	603.533242673387
hsa-miR-206	47.2969777231235	0	1.17729330850029	21.7110813359138	227.689543747583
hsa-miR-26b-5p	47.2969777231235	523.187318726825	896.606962198682	15.5079152399385	180.904021059723
hsa-miR-99a-5p	43.9186221714718	6969.52137319888	12168.2093133319	34.1174135278646	115.40428929672
hsa-miR-191-5p	43.9186221714718	393.210729655761	270.973676506484	24.8126643839015	140.356568063578
hsa-miR-30e-5p	37.1619110681685	950.974344892753	970.874548409908	12.4063321919508	112.285254450863
hsa-miR-27a-3p	33.7835555165168	1891.60103900509	1155.70959784445	7.75395761996923	394.557908000948
hsa-miR-378a-3p	33.7835555165168	272.992900670292	1325.63226537133	15.5079152399385	329.058176237945
hsa-let-7i-5p	30.4051999648651	1939.55356701189	1909.66785416318	46.5237457198154	218.332439210011
hsa-let-7g-5p	27.0268444132134	1076.40806288949	1530.38319327467	43.4221626718277	109.166219605005
hsa-miR-223-5p	27.0268444132134	233.20071514886	193.272318145465	9.30474914396308	99.8091150674335
hsa-let-7f-5p	23.6484888615617	2023.59668188697	1877.68471928226	9.30474914396308	165.308846830437
hsa-miR-101-3p	23.6484888615617	1550.63332670411	3258.55166237739	9.30474914396308	343.093833044303
hsa-miR-200a-3p	20.2701333099101	3921.7596457772	4500.5961028452	12.4063321919508	152.832707447008
hsa-miR-1246	20.2701333099101	5968.82782821486	61.0230364905985	21.7110813359138	171.546916522151
hsa-miR-92a-3p	20.2701333099101	2602.81274386384	2816.28180948412	18.6094982879262	112.285254450863
hsa-miR-423-5p	20.2701333099101	120.133701743352	357.112303578422	3.10158304798769	90.4520105298616
hsa-miR-340-5p	16.8917777582584	885.859859494045	463.264916894865	0	43.6664878420022
hsa-let-7d-5p	16.8917777582584	94.3907656554909	111.842864307528	3.10158304798769	24.9522787668584
hsa-miR-30d-5p	13.5134222066067	3237.55278563807	5880.08953708042	24.8126643839015	127.880428680149
hsa-miR-27b-3p	13.5134222066067	3324.11971777666	3580.93381335506	20.16028981192	113.844771873791
hsa-miR-320a	13.5134222066067	683.70209668643	794.117039175351	4.65237457198154	62.9005360581222
hsa-miR-200b-3p	13.5134222066067	3123.98100877986	5976.52948060174	21.7110813359138	53.0235923795741
hsa-miR-629-5p	13.5134222066067	36.3429685946275	62.5927609019323	46.5237457198154	28.0713136127157
hsa-miR-146b-5p	13.5134222066067	294.781856378645	289.810369442489	3.10158304798769	15.5951742292865
hsa-let-7a-5p	11.8242444307809	2871.51515518616	2999.93956561016	46.5237457198154	212.094369518296
hsa-miR-140-3p	10.135066654955	172.629100824481	151.870836796538	6.20316609597539	62.380696917146
hsa-miR-24-3p	10.135066654955	220.076865378578	433.636368630941	15.5079152399385	152.832707447008
hsa-miR-25-3p	10.135066654955	188.781531310982	302.171949181742	9.30474914396308	99.8091150674335
hsa-miR-186-5p	10.135066654955	273.077027912409	288.240645031155	12.4063321919508	28.0713136127157
hsa-miR-215-5p	10.135066654955	133.257551513634	164.624847638624	4.65237457198154	51.4640749566454
hsa-miR-181a-5p	10.135066654955	1075.65091771043	1309.34637460374	18.6094982879262	81.0949059922897
hsa-miR-532-5p	10.135066654955	250.86743599347	305.90004465866	3.10158304798769	37.4284181502876
hsa-miR-100-5p	10.135066654955	1300.77541761604	2164.5518554535	46.5237457198154	40.5474529961449
hsa-miR-93-5p	6.75671110330336	66.1240123041139	56.1176477051806	0	9.35710453757189
hsa-miR-2110	6.75671110330336	11.6095594121727	14.5199508048369	0	3.1190348458573
hsa-miR-29a-3p	6.75671110330336	400.277417993606	374.379272103093	6.20316609597539	12.4761393834292
hsa-miR-142-5p	6.75671110330336	114.581303763617	45.9144390315114	0	68.6187666088606
hsa-let-7c-5p	5.06753332747752	484.236405626565	790.650564433655	40.32057962384	15.5951742292865
hsa-miR-628-5p	3.37835555165168	0	0.784862205666862	0	0
hsa-miR-30a-5p	3.37835555165168	2079.62542513702	5993.40401802358	6.20316609597539	40.5474529961449
hsa-miR-654-3p	3.37835555165168	2.5238172635158	0.588646654250147	0	0
hsa-miR-16-5p	3.37835555165168	56.0287432500507	60.2381742849317	3.10158304798769	21.8332439210011
hsa-miR-203a-3p	3.37835555165168	46.4382376486907	53.5668455367633	15.5079152399385	168.427881676294
hsa-miR-30a-3p	3.37835555165168	107.262233699421	264.106132206899	6.20316609597539	3.1190348458573
hsa-miR-429	3.37835555165168	591.0780031154	542.732215218635	0	9.35710453757189
hsa-miR-4772-5p	3.37835555165168	0.50476345270316	0.784862205666862	0	0
hsa-miR-103a-3p	3.37835555165168	62.0859046824886	86.8253815018966	1.55079152399385	26.511796189787
hsa-miR-200c-3p	3.37835555165168	2001.38708996803	1787.32745785486	3.10158304798769	56.1426272254314
hsa-miR-3607-3p	3.37835555165168	0	0.392431102833431	0	0
hsa-miR-221-3p	3.37835555165168	170.105283560965	114.982313130195	0	6.2380696917146
hsa-miR-542-3p	3.37835555165168	7.5714517905474	7.84862205666862	0	3.1190348458573
hsa-miR-7-5p	3.37835555165168	63.095431587895	62.5927609019323	3.10158304798769	21.8332439210011
hsa-miR-223-3p	3.37835555165168	40.3810762162528	47.6803789942619	3.10158304798769	15.5951742292865
hsa-miR-200b-5p	3.37835555165168	93.8860022027877	158.738381096123	0	3.1190348458573
hsa-miR-133b	3.37835555165168	0	0	9.30474914396308	9.35710453757189
hsa-miR-221-5p	3.37835555165168	10.6000325067664	15.3048130105038	0	0
hsa-miR-744-5p	3.37835555165168	26.2476995405643	44.7371457230111	3.10158304798769	9.35710453757189
hsa-miR-127-3p	3.37835555165168	3.53334416892212	2.5508021684173	0	6.2380696917146
hsa-miR-942-5p	3.37835555165168	8.07621524325056	3.92431102833431	0	0
hsa-miR-128-3p	3.37835555165168	637.011477311388	337.883179539584	12.4063321919508	102.928149913291
hsa-miR-19a-3p	3.37835555165168	26.7524629932675	16.8745374218375	0	3.1190348458573
hsa-miR-28-3p	3.37835555165168	176.667208446106	256.846156804481	3.10158304798769	15.5951742292865
hsa-miR-4459	3.37835555165168	0	0	0	0
hsa-miR-148a-5p	3.37835555165168	11.1047959594695	23.7420817214226	0	3.1190348458573
hsa-miR-95-3p	3.37835555165168	38.8667858581433	54.5479232938469	0	3.1190348458573
hsa-let-7b-3p	3.37835555165168	35.3334416892212	25.508021684173	0	0
hsa-let-7d-3p	3.37835555165168	496.182474007206	321.793504323413	3.10158304798769	9.35710453757189
hsa-miR-10b-5p	3.37835555165168	3.53334416892212	21.387495104422	9.30474914396308	87.3329756840043
hsa-miR-3169	3.37835555165168	0	0	0	0
hsa-miR-20a-5p	3.37835555165168	218.310193294117	221.919788652305	3.10158304798769	15.5951742292865
hsa-miR-374b-5p	3.37835555165168	12.3667045912274	24.4288361513811	3.10158304798769	0
hsa-miR-375	3.37835555165168	769.764265372319	527.623617759548	3.10158304798769	68.6187666088606
hsa-miR-199a-3p|hsa-miR-199b-3p	3.37835555165168	81.7716793379119	52.5857677796798	3.10158304798769	15.5951742292865
hsa-miR-145-3p	3.37835555165168	13.6286132229853	7.84862205666862	0	9.35710453757189
hsa-miR-125b-5p	3.37835555165168	299.829490905677	854.322510868379	0	12.4761393834292
hsa-miR-30e-3p	3.37835555165168	36.5953503209791	87.5121359318551	6.20316609597539	43.6664878420022
hsa-miR-151a-3p	0	439.144203851749	1128.82806730036	6.20316609597539	28.0713136127157
hsa-miR-194-5p	0	402.801235257121	782.507619049862	3.10158304798769	56.1426272254314
hsa-miR-181b-5p	0	361.410632135462	384.778696328179	0	9.35710453757189
hsa-miR-423-3p	0	332.134351878679	400.2797248901	24.8126643839015	77.9758711464325
hsa-miR-99b-5p	0	324.562900088132	577.06993671656	15.5079152399385	12.4761393834292
hsa-miR-125a-5p	0	253.896016709689	291.380093853823	3.10158304798769	3.1190348458573
hsa-miR-16-2-3p	0	216.038757756952	95.164542437107	0	9.35710453757189
hsa-miR-200a-5p	0	172.124337371777	206.418760090385	3.10158304798769	3.1190348458573
hsa-miR-141-3p	0	157.233815517034	119.102839709946	6.20316609597539	3.1190348458573
hsa-miR-30c-5p	0	154.457616527167	271.071784282192	0	21.8332439210011
hsa-miR-222-3p	0	142.848057114994	160.70053661029	3.10158304798769	6.2380696917146
hsa-miR-3615	0	119.124174837946	57.8835876679311	3.10158304798769	59.2616620712887
hsa-miR-338-5p	0	118.619411385243	63.3776231075991	3.10158304798769	28.0713136127157
hsa-miR-146a-5p	0	114.581303763617	20.013986244505	0	15.5951742292865
hsa-miR-224-5p	0	111.047959594695	180.518307303378	0	3.1190348458573
hsa-let-7a-3p	0	93.8860022027877	60.6306053877651	3.10158304798769	6.2380696917146
hsa-miR-361-3p	0	91.8669483919751	99.8737156711082	3.10158304798769	18.7142090751438
hsa-miR-484	0	76.2192813581771	50.4273967140959	0	12.4761393834292
hsa-miR-425-5p	0	69.1525930203329	23.5458661700059	0	15.5951742292865
hsa-miR-148b-3p	0	64.1049584933013	117.729330850029	0	12.4761393834292
hsa-miR-185-5p	0	60.066850871676	95.3607579885237	0	6.2380696917146
hsa-miR-92b-3p	0	58.0477970608634	34.2396137222169	0	0
hsa-miR-181a-2-3p	0	55.5239797973476	44.5409301715944	0	0
hsa-miR-1307-3p	0	55.0192163446444	49.8387500598457	0	3.1190348458573
hsa-let-7e-5p	0	53.7573077128865	24.6250517027978	0	0
hsa-miR-193a-5p	0	52.4953990811286	98.1077757083578	3.10158304798769	28.0713136127157
hsa-miR-32-5p	0	51.4858721757223	33.1604281894249	0	3.1190348458573
hsa-miR-451a	0	50.476345270316	860.208977410881	0	6.2380696917146
hsa-miR-23a-3p	0	47.1953828277454	109.586385466236	6.20316609597539	18.7142090751438
hsa-miR-22-5p	0	45.4287107432844	21.9761417586721	0	0
hsa-miR-455-5p	0	44.4191838378781	190.917731528464	0	0
hsa-miR-885-5p	0	43.9144203851749	26.88153054409	0	0
hsa-miR-98-5p	0	43.4096569324717	40.8128346946768	3.10158304798769	3.1190348458573
hsa-miR-660-5p	0	42.9048934797686	19.6215551416716	0	3.1190348458573
hsa-miR-10a-5p	0	42.1477483007138	117.925546401446	0	28.0713136127157
hsa-miR-501-3p	0	41.6429848480107	27.0777460955067	0	0
hsa-miR-1180-3p	0	36.8477320473307	27.4701771983402	0	6.2380696917146
hsa-miR-19b-3p	0	34.828678236518	40.02797248901	0	3.1190348458573
hsa-miR-210-3p	0	34.3239147838149	14.9123819076704	3.10158304798769	6.2380696917146
hsa-miR-17-5p	0	34.0715330574633	34.2396137222169	0	9.35710453757189
hsa-miR-199b-5p	0	30.7905706148927	24.5269439270894	0	18.7142090751438
hsa-miR-424-3p	0	28.7715168040801	5.49403543966803	0	9.35710453757189
hsa-miR-652-3p	0	26.2476995405643	42.5787746574273	0	15.5951742292865
hsa-miR-183-5p	0	25.7429360878611	16.0896752161707	6.20316609597539	9.35710453757189
hsa-miR-499a-5p	0	25.7429360878611	13.7350885991701	0	21.8332439210011
hsa-miR-152-3p	0	24.7334091824548	34.9263681521754	3.10158304798769	0
hsa-miR-486-5p	0	24.2286457297517	416.958046760521	0	12.4761393834292
hsa-miR-28-5p	0	23.7238822770485	30.4134104695909	0	3.1190348458573
hsa-miR-130b-5p	0	22.209591918939	19.8177706930883	0	0
hsa-miR-181d-5p	0	20.6953015608295	34.7301526007587	0	6.2380696917146
hsa-miR-30b-5p	0	20.1905381081264	38.7198688128985	0	6.2380696917146
hsa-miR-361-5p	0	20.1905381081264	30.0209793667575	0	0
hsa-miR-450a-5p	0	19.6857746554232	6.67132874816833	0	12.4761393834292
hsa-miR-320b	0	19.4333929290716	35.0571785197865	1.55079152399385	16.1150133702627
hsa-miR-625-3p	0	19.1810112027201	11.1842864307528	0	0
hsa-miR-125b-2-3p	0	19.1810112027201	37.0847392177592	0	0
hsa-miR-21-3p	0	18.6762477500169	23.1534350671724	0	0
hsa-miR-29b-3p	0	18.6762477500169	30.9039493481327	0	0
hsa-miR-106b-5p	0	18.1714842973138	12.5577952906698	0	9.35710453757189
hsa-miR-328-3p	0	17.6667208446106	9.41834646800235	0	0
hsa-miR-99b-3p	0	17.1619573919074	23.7420817214226	0	0
hsa-miR-151a-5p|hsa-miR-151b	0	16.9095756655558	35.2206914793004	0	0
hsa-miR-23b-3p	0	15.9000487601495	100.36425454965	0	0
hsa-miR-345-5p	0	14.1333766756885	10.3994242250859	0	0
hsa-miR-421	0	13.6286132229853	4.31674213116774	0	0
hsa-miR-182-5p	0	13.1238497702822	11.7729330850029	0	3.1190348458573
hsa-miR-452-5p	0	13.1238497702822	19.8177706930883	0	0
hsa-miR-135b-5p	0	12.619086317579	11.1842864307528	0	0
hsa-miR-107	0	12.619086317579	8.73159203804384	1.55079152399385	1.55951742292865
hsa-miR-1307-5p	0	12.619086317579	19.0329084874214	0	0
hsa-miR-204-5p	0	12.1143228648758	60.041958733515	0	0
hsa-miR-425-3p	0	12.1143228648758	5.88646654250147	0	3.1190348458573
hsa-miR-450b-5p	0	11.6095594121727	8.43726871091877	0	3.1190348458573
hsa-miR-502-3p	0	11.6095594121727	8.73159203804384	1.55079152399385	0
hsa-miR-106b-3p	0	11.1047959594695	35.9074459092589	3.10158304798769	9.35710453757189
hsa-miR-769-5p	0	11.1047959594695	22.1723573100889	0	3.1190348458573
hsa-miR-500a-3p	0	10.8524142331179	6.67132874816833	1.55079152399385	3.1190348458573
hsa-miR-340-3p	0	10.0952690540632	10.2032086736692	0	6.2380696917146
hsa-miR-335-3p	0	10.0952690540632	23.3496506185891	0	0
hsa-miR-338-3p	0	10.0952690540632	8.8296998137522	0	3.1190348458573
hsa-miR-31-5p	0	9.59050560136003	11.3805019821695	0	6.2380696917146
hsa-miR-320c	0	9.33812387500845	12.3354176657308	3.10158304798769	2.07935656390487
hsa-miR-335-5p	0	9.08574214865688	8.04483760808534	0	0
hsa-miR-424-5p	0	9.08574214865688	3.72809547691759	0	3.1190348458573
hsa-miR-140-5p	0	9.08574214865688	7.84862205666862	0	12.4761393834292
hsa-miR-29c-3p	0	9.08574214865688	13.8331963748784	0	0
hsa-miR-1290	0	8.58097869595372	0.392431102833431	0	0
hsa-miR-24-2-5p	0	8.58097869595372	6.67132874816833	0	0
hsa-miR-941	0	8.58097869595372	8.8296998137522	3.10158304798769	18.7142090751438
hsa-miR-15a-5p	0	8.58097869595372	5.88646654250147	0	0
hsa-miR-618	0	8.58097869595372	12.1653641878364	0	0
hsa-miR-181a-3p	0	8.58097869595372	7.65240650525191	0	3.1190348458573
hsa-miR-135a-5p	0	8.07621524325056	11.1842864307528	0	0
hsa-miR-132-3p	0	8.07621524325056	3.33566437408416	0	0
hsa-miR-1291	0	7.5714517905474	4.51295768258446	0	9.35710453757189
hsa-miR-381-3p	0	7.5714517905474	3.53187992550088	0	3.1190348458573
hsa-miR-197-3p	0	7.5714517905474	20.6026328987551	0	0
hsa-miR-30d-3p	0	7.5714517905474	10.0069931222525	0	0
hsa-miR-378c	0	7.06668833784424	15.7626492971428	0	4.67855226878595
hsa-miR-26b-3p	0	7.06668833784424	1.96215551416716	0	0
hsa-miR-548e-3p	0	7.06668833784424	4.70917323400117	0	3.1190348458573
hsa-miR-543	0	7.06668833784424	4.51295768258446	0	0
hsa-miR-125a-3p	0	6.56192488514108	6.08268209391818	0	6.2380696917146
hsa-miR-576-3p	0	6.56192488514108	5.69025099108475	0	0
hsa-miR-181c-5p	0	6.56192488514108	8.24105315950205	0	6.2380696917146
hsa-miR-342-5p	0	6.05716143243792	13.3426574963367	0	15.5951742292865
hsa-miR-363-3p	0	6.05716143243792	10.3994242250859	0	0
hsa-miR-155-5p	0	6.05716143243792	3.13944882266745	0	6.2380696917146
hsa-miR-34a-5p	0	5.55239797973476	5.49403543966803	0	0
hsa-miR-23b-5p	0	5.55239797973476	3.13944882266745	0	0
hsa-miR-330-3p	0	5.55239797973476	6.2788976453349	0	0
hsa-miR-934	0	5.55239797973476	1.37350885991701	0	0
hsa-miR-32-3p	0	5.55239797973476	2.5508021684173	0	0
hsa-miR-505-3p	0	5.0476345270316	3.13944882266745	0	0
hsa-miR-324-3p	0	5.0476345270316	3.53187992550088	0	0
hsa-miR-548av-5p|hsa-miR-548k	0	5.0476345270316	4.61106545829282	0	3.1190348458573
hsa-miR-122-3p	0	5.0476345270316	28.6474705068405	0	0
hsa-miR-1306-3p	0	5.0476345270316	0.981077757083578	0	0
hsa-miR-339-5p	0	5.0476345270316	5.29781988825132	0	3.1190348458573
hsa-miR-15b-5p	0	5.0476345270316	3.13944882266745	0	3.1190348458573
hsa-miR-378d	0	4.71112555856282	19.0329084874214	0	3.1190348458573
hsa-miR-2115-5p	0	4.54287107432844	1.76593996275044	0	0
hsa-miR-147b	0	4.54287107432844	11.9691486364196	0	3.1190348458573
hsa-miR-30c-2-3p	0	4.54287107432844	7.45619095383519	0	0
hsa-miR-339-3p	0	4.03810762162528	10.7918553279194	0	6.2380696917146
hsa-miR-628-3p	0	4.03810762162528	2.74701771983402	0	0
hsa-miR-144-3p	0	4.03810762162528	42.3825591060106	0	0
hsa-miR-3173-5p	0	4.03810762162528	0.784862205666862	0	0
hsa-miR-141-5p	0	4.03810762162528	1.17729330850029	0	0
hsa-miR-651-5p	0	4.03810762162528	9.41834646800235	0	0
hsa-miR-576-5p	0	4.03810762162528	2.35458661700059	0	0
hsa-miR-331-3p	0	4.03810762162528	2.35458661700059	0	0
hsa-miR-1468-5p	0	4.03810762162528	8.04483760808534	0	0
hsa-miR-574-5p	0	3.53334416892212	12.3615797392531	0	0
hsa-miR-132-5p	0	3.53334416892212	2.35458661700059	0	0
hsa-miR-483-3p	0	3.53334416892212	5.29781988825132	0	0
hsa-miR-598-3p	0	3.53334416892212	8.24105315950205	0	0
hsa-miR-3591-5p	0	3.28096244257054	4.80728100970953	0	0
hsa-let-7f-1-3p	0	3.02858071621896	3.72809547691759	0	0
hsa-miR-181c-3p	0	3.02858071621896	5.1016043368346	0	0
hsa-let-7c-3p	0	3.02858071621896	1.76593996275044	0	0
hsa-miR-148b-5p	0	3.02858071621896	4.31674213116774	0	0
hsa-miR-3909	0	3.02858071621896	1.96215551416716	0	0
hsa-miR-1303	0	3.02858071621896	2.74701771983402	0	0
hsa-miR-574-3p	0	3.02858071621896	9.02591536516891	0	3.1190348458573
hsa-miR-15b-3p	0	3.02858071621896	1.96215551416716	0	3.1190348458573
hsa-miR-320d	0	2.77619898986738	6.4162485313266	0	0
hsa-miR-379-5p	0	2.5238172635158	1.56972441133372	0	0
hsa-miR-150-5p	0	2.5238172635158	2.74701771983402	0	0
hsa-miR-129-5p	0	2.5238172635158	0.196215551416716	0	0
hsa-miR-378a-5p	0	2.5238172635158	0.981077757083578	3.10158304798769	0
hsa-miR-96-5p	0	2.5238172635158	0.784862205666862	0	0
hsa-miR-664a-5p	0	2.5238172635158	7.45619095383519	0	0
hsa-miR-582-3p	0	2.5238172635158	7.45619095383519	0	15.5951742292865
hsa-miR-382-5p	0	2.5238172635158	2.5508021684173	0	0
hsa-miR-577	0	2.5238172635158	0.588646654250147	0	0
hsa-miR-193b-5p	0	2.5238172635158	3.53187992550088	0	0
hsa-miR-330-5p	0	2.5238172635158	0.588646654250147	0	0
hsa-let-7i-3p	0	2.5238172635158	2.94323327125073	0	3.1190348458573
hsa-miR-409-3p	0	2.5238172635158	2.94323327125073	0	0
hsa-miR-151b	0	2.27143553716422	5.39592766395968	0	0
hsa-miR-495-3p	0	2.01905381081264	1.37350885991701	0	0
hsa-miR-3150b-3p	0	2.01905381081264	0.784862205666862	0	0
hsa-miR-2355-3p	0	2.01905381081264	1.76593996275044	0	0
hsa-miR-1827	0	2.01905381081264	0.392431102833431	0	0
hsa-miR-374a-3p	0	2.01905381081264	7.45619095383519	0	0
hsa-miR-98-3p	0	2.01905381081264	0.392431102833431	0	0
hsa-miR-130b-3p	0	2.01905381081264	0.981077757083578	0	0
hsa-miR-1301-3p	0	2.01905381081264	4.70917323400117	3.10158304798769	6.2380696917146
hsa-miR-195-3p	0	2.01905381081264	8.24105315950205	0	0
hsa-miR-26a-2-3p	0	2.01905381081264	1.17729330850029	0	0
hsa-miR-6812-3p	0	2.01905381081264	0	0	0
hsa-miR-29c-5p	0	2.01905381081264	5.1016043368346	0	3.1190348458573
hsa-miR-323a-3p	0	2.01905381081264	0.981077757083578	0	0
hsa-miR-3614-5p	0	2.01905381081264	2.5508021684173	0	0
hsa-miR-671-3p	0	2.01905381081264	1.96215551416716	0	0
hsa-miR-204-3p	0	2.01905381081264	8.63348426233548	0	0
hsa-miR-25-5p	0	2.01905381081264	1.37350885991701	0	0
hsa-miR-6503-3p	0	2.01905381081264	0.392431102833431	0	0
hsa-miR-30b-3p	0	2.01905381081264	0.981077757083578	0	0
hsa-miR-3611	0	2.01905381081264	0.392431102833431	0	0
hsa-miR-24-1-5p	0	2.01905381081264	6.2788976453349	0	3.1190348458573
hsa-miR-3065-3p	0	2.01905381081264	2.15837106558387	0	0
hsa-miR-4326	0	1.51429035810948	2.15837106558387	0	0
hsa-miR-371b-5p	0	1.51429035810948	0	0	0
hsa-miR-6741-3p	0	1.51429035810948	0	0	0
hsa-miR-589-5p	0	1.51429035810948	6.2788976453349	0	0
hsa-miR-378e	0	1.51429035810948	5.23241470444575	0	0
hsa-miR-504-5p	0	1.51429035810948	0.784862205666862	6.20316609597539	0
hsa-miR-1284	0	1.51429035810948	1.17729330850029	0	0
hsa-miR-195-5p	0	1.51429035810948	4.90538878541789	3.10158304798769	0
hsa-miR-584-5p	0	1.51429035810948	4.31674213116774	0	0
hsa-miR-3065-5p	0	1.51429035810948	2.74701771983402	0	0
hsa-miR-1299	0	1.51429035810948	0.588646654250147	0	0
hsa-miR-374a-5p	0	1.51429035810948	9.41834646800235	0	0
hsa-miR-5696	0	1.51429035810948	0	0	0
hsa-miR-323b-3p	0	1.51429035810948	0	0	0
hsa-miR-7706	0	1.51429035810948	3.53187992550088	0	0
hsa-miR-190b	0	1.51429035810948	0.981077757083578	0	0
hsa-miR-874-3p	0	1.51429035810948	1.96215551416716	0	0
hsa-miR-3158-3p	0	1.51429035810948	0.392431102833431	0	3.1190348458573
hsa-miR-4657	0	1.51429035810948	0	0	0
hsa-miR-1277-3p	0	1.51429035810948	0.981077757083578	0	0
hsa-miR-642a-3p	0	1.51429035810948	0.392431102833431	0	0
hsa-miR-7155-3p	0	1.51429035810948	0.196215551416716	0	0
hsa-miR-6803-3p	0	1.51429035810948	0	0	0
hsa-miR-34c-5p	0	1.51429035810948	1.17729330850029	0	3.1190348458573
hsa-miR-1976	0	1.51429035810948	1.37350885991701	3.10158304798769	0
hsa-miR-1285-3p	0	1.51429035810948	3.53187992550088	0	0
hsa-miR-548n	0	1.51429035810948	0.196215551416716	0	0
hsa-let-7e-3p	0	1.51429035810948	2.94323327125073	0	0
hsa-miR-7976	0	1.51429035810948	0.392431102833431	0	0
hsa-miR-20b-5p	0	1.2619086317579	0.981077757083578	0	0
hsa-miR-548w	0	1.00952690540632	0	0	0
hsa-miR-1251-5p	0	1.00952690540632	0	0	0
hsa-miR-27a-5p	0	1.00952690540632	266.264503272483	0	3.1190348458573
hsa-miR-342-3p	0	1.00952690540632	1.96215551416716	0	0
hsa-miR-185-3p	0	1.00952690540632	1.96215551416716	9.30474914396308	0
hsa-miR-4482-3p	0	1.00952690540632	0	0	0
hsa-miR-2115-3p	0	1.00952690540632	1.96215551416716	0	6.2380696917146
hsa-miR-191-3p	0	1.00952690540632	0.392431102833431	0	0
hsa-miR-548ah-5p	0	1.00952690540632	1.37350885991701	0	0
hsa-miR-151a-5p	0	1.00952690540632	2.94323327125073	0	0
hsa-miR-188-5p	0	1.00952690540632	0	0	0
hsa-miR-5707	0	1.00952690540632	0	0	0
hsa-miR-3605-3p	0	1.00952690540632	2.35458661700059	0	0
hsa-miR-455-3p	0	1.00952690540632	4.90538878541789	0	0
hsa-miR-454-5p	0	1.00952690540632	1.56972441133372	0	0
hsa-miR-3690	0	1.00952690540632	0.196215551416716	0	0
hsa-miR-362-5p	0	1.00952690540632	2.5508021684173	0	0
hsa-miR-873-5p	0	1.00952690540632	2.35458661700059	0	0
hsa-miR-17-3p	0	1.00952690540632	0.392431102833431	0	0
hsa-miR-6503-5p	0	1.00952690540632	0	0	0
hsa-miR-1277-5p	0	1.00952690540632	0.981077757083578	0	0
hsa-miR-193b-3p	0	1.00952690540632	4.51295768258446	0	0
hsa-miR-550a-3-5p	0	1.00952690540632	0	0	0
hsa-miR-130a-3p	0	1.00952690540632	20.013986244505	0	0
hsa-miR-4525	0	1.00952690540632	0.588646654250147	0	0
hsa-miR-31-3p	0	1.00952690540632	0	0	0
hsa-miR-9-3p	0	1.00952690540632	0	0	0
hsa-miR-1306-5p	0	1.00952690540632	0	0	0
hsa-miR-6744-5p	0	1.00952690540632	1.37350885991701	0	0
hsa-miR-126-3p	0	1.00952690540632	2.15837106558387	6.20316609597539	31.190348458573
hsa-miR-4661-5p	0	1.00952690540632	0.588646654250147	0	0
hsa-miR-561-5p	0	1.00952690540632	0.784862205666862	0	0
hsa-miR-4685-3p	0	1.00952690540632	0	0	0
hsa-miR-331-5p	0	1.00952690540632	1.37350885991701	0	0
hsa-miR-218-5p	0	1.00952690540632	3.92431102833431	3.10158304798769	0
hsa-miR-548at-3p	0	1.00952690540632	0	0	0
hsa-miR-378g	0	1.00952690540632	6.57322097245997	0	1.55951742292865
hsa-miR-10a-3p	0	1.00952690540632	0.981077757083578	0	0
hsa-miR-760	0	1.00952690540632	1.37350885991701	0	0
hsa-miR-30c-1-3p	0	1.00952690540632	0.196215551416716	0	0
hsa-miR-483-5p	0	1.00952690540632	3.53187992550088	0	0
hsa-miR-3912-3p	0	1.00952690540632	0.784862205666862	0	0
hsa-miR-6513-3p	0	1.00952690540632	0.196215551416716	0	0
hsa-miR-548ah-3p|hsa-miR-548av-3p	0	1.00952690540632	2.30553272914641	0	0
hsa-miR-590-3p	0	1.00952690540632	1.56972441133372	0	0
hsa-miR-377-3p	0	1.00952690540632	0.392431102833431	0	0
hsa-miR-27b-5p	0	1.00952690540632	3.13944882266745	0	0
hsa-miR-500a-5p	0	1.00952690540632	0.981077757083578	0	0
hsa-miR-4787-3p	0	1.00952690540632	0	0	0
hsa-miR-1270	0	1.00952690540632	0.981077757083578	0	0
hsa-miR-3074-5p	0	1.00952690540632	0.784862205666862	0	0
hsa-miR-93-3p	0	1.00952690540632	0	0	0
hsa-miR-532-3p	0	1.00952690540632	1.76593996275044	0	0
hsa-miR-592	0	1.00952690540632	0.981077757083578	0	0
hsa-miR-299-3p	0	1.00952690540632	0	0	0
hsa-miR-410-3p	0	1.00952690540632	0.392431102833431	0	0
hsa-miR-4440	0	1.00952690540632	0	0	0
hsa-miR-138-5p	0	1.00952690540632	1.76593996275044	0	0
hsa-miR-4647	0	1.00952690540632	0.392431102833431	0	0
hsa-miR-149-5p	0	1.00952690540632	3.33566437408416	0	0
hsa-miR-664b-5p	0	1.00952690540632	0	0	0
hsa-miR-4473	0	1.00952690540632	0.784862205666862	0	0
hsa-miR-1262	0	1.00952690540632	0	0	0
hsa-miR-4676-3p	0	1.00952690540632	0	0	0
hsa-miR-374c-5p	0	0.75714517905474	0.0981077757083578	0	0
hsa-miR-106a-5p	0	0.75714517905474	1.27540108420865	0	0
hsa-miR-7854-3p	0	0.50476345270316	0	0	0
hsa-miR-6861-3p	0	0.50476345270316	0	0	0
hsa-miR-134-5p	0	0.50476345270316	1.76593996275044	0	0
hsa-miR-4724-5p	0	0.50476345270316	0	0	0
hsa-miR-301a-5p	0	0.50476345270316	0.981077757083578	0	0
hsa-miR-92a-1-5p	0	0.50476345270316	2.35458661700059	0	0
hsa-miR-3149	0	0.50476345270316	0.196215551416716	0	0
hsa-miR-511-5p	0	0.50476345270316	0	0	0
hsa-miR-4664-3p	0	0.50476345270316	0.196215551416716	0	0
hsa-miR-4797-3p	0	0.50476345270316	0	0	0
hsa-miR-7848-3p	0	0.50476345270316	0	0	0
hsa-miR-3614-3p	0	0.50476345270316	0.196215551416716	0	0
hsa-miR-5697	0	0.50476345270316	0	0	0
hsa-miR-369-5p	0	0.50476345270316	0.196215551416716	0	0
hsa-miR-450a-2-3p	0	0.50476345270316	0	0	0
hsa-miR-485-3p	0	0.50476345270316	0.588646654250147	0	0
hsa-miR-548az-3p	0	0.50476345270316	0.196215551416716	0	0
hsa-miR-376c-3p	0	0.50476345270316	0	0	0
hsa-miR-1294	0	0.50476345270316	0.196215551416716	0	3.1190348458573
hsa-miR-548am-3p	0	0.50476345270316	1.32445497206283	0	0
hsa-mir-500a	0	0.50476345270316	0.0981077757083578	0	0
hsa-miR-3617-5p	0	0.50476345270316	0	0	0
hsa-miR-1288-3p	0	0.50476345270316	0.196215551416716	0	0
hsa-miR-6509-5p	0	0.50476345270316	0	0	0
hsa-miR-642a-5p	0	0.50476345270316	0	0	0
hsa-miR-1226-3p	0	0.50476345270316	0.196215551416716	0	0
hsa-miR-6866-5p	0	0.50476345270316	0	0	0
hsa-miR-4512	0	0.50476345270316	0.196215551416716	0	0
hsa-miR-6716-3p	0	0.50476345270316	0	0	0
hsa-miR-135a-3p	0	0.50476345270316	0	0	0
hsa-miR-6868-3p	0	0.50476345270316	0.392431102833431	0	0
hsa-miR-450a-1-3p	0	0.50476345270316	0	0	0
hsa-miR-6874-3p	0	0.50476345270316	0	0	0
hsa-miR-4429	0	0.50476345270316	0.784862205666862	0	0
hsa-miR-5683	0	0.50476345270316	0	0	0
hsa-miR-582-5p	0	0.50476345270316	0.392431102833431	0	0
hsa-miR-1273c	0	0.50476345270316	0.196215551416716	0	0
hsa-miR-34a-3p	0	0.50476345270316	0	0	0
hsa-miR-95-5p	0	0.50476345270316	1.17729330850029	0	0
hsa-miR-5010-3p	0	0.50476345270316	0.392431102833431	0	0
hsa-miR-6502-5p	0	0.50476345270316	0.392431102833431	0	0
hsa-miR-6747-3p	0	0.50476345270316	0.392431102833431	0	0
hsa-miR-6726-3p	0	0.50476345270316	0	0	0
hsa-miR-6789-3p	0	0.50476345270316	0	0	0
hsa-miR-509-3p	0	0.50476345270316	0	0	0
hsa-miR-4705	0	0.50476345270316	0	0	0
hsa-miR-378b	0	0.50476345270316	0.392431102833431	0	0
hsa-miR-8078	0	0.50476345270316	0	0	0
hsa-miR-33b-5p	0	0.50476345270316	0	0	0
hsa-miR-3928-3p	0	0.50476345270316	0.588646654250147	0	0
hsa-miR-2277-5p	0	0.50476345270316	0	0	0
hsa-miR-6511a-3p	0	0.50476345270316	0.196215551416716	0	0
hsa-miR-362-3p	0	0.50476345270316	0	0	0
hsa-miR-18a-5p	0	0.50476345270316	1.17729330850029	0	0
hsa-miR-101-5p	0	0.50476345270316	1.37350885991701	0	0
hsa-miR-184	0	0.50476345270316	1.17729330850029	15.5079152399385	3.1190348458573
hsa-miR-2116-3p	0	0.50476345270316	0.196215551416716	0	0
hsa-miR-671-5p	0	0.50476345270316	0.981077757083578	0	0
hsa-miR-4662a-5p	0	0.50476345270316	0.588646654250147	0	0
hsa-miR-548i	0	0.50476345270316	0.88296998137522	0	0
hsa-miR-3613-5p	0	0.50476345270316	0.588646654250147	0	0
hsa-miR-181b-3p	0	0.50476345270316	0.392431102833431	0	0
hsa-miR-744-3p	0	0.50476345270316	0.588646654250147	0	0
hsa-miR-378f	0	0.50476345270316	4.90538878541789	0	3.1190348458573
hsa-miR-365a-5p	0	0.50476345270316	0.392431102833431	3.10158304798769	0
hsa-miR-4659b-3p	0	0.50476345270316	0.588646654250147	0	0
hsa-miR-449c-5p	0	0.50476345270316	0.588646654250147	0	0
hsa-miR-509-3-5p	0	0.50476345270316	0	0	0
hsa-miR-627-5p	0	0.50476345270316	0.196215551416716	0	0
hsa-mir-30c-2	0	0.50476345270316	0.752159613764076	0	0
hsa-miR-454-3p	0	0.50476345270316	0.392431102833431	0	0
hsa-miR-196b-5p	0	0.50476345270316	0	0	0
hsa-miR-150-3p	0	0.50476345270316	0.392431102833431	0	0
hsa-miR-374b-3p	0	0.50476345270316	0.196215551416716	0	0
hsa-miR-641	0	0.50476345270316	0.196215551416716	0	0
hsa-miR-320e	0	0.50476345270316	1.17729330850029	0	0
hsa-miR-1304-5p	0	0.50476345270316	0.196215551416716	0	0
hsa-miR-3157-3p	0	0.50476345270316	0	0	0
hsa-miR-676-3p	0	0.50476345270316	0	0	0
hsa-miR-379-3p	0	0.50476345270316	0.196215551416716	0	0
hsa-miR-146b-3p	0	0.50476345270316	1.17729330850029	0	0
hsa-miR-1254	0	0.50476345270316	0	0	0
hsa-miR-153-3p	0	0.50476345270316	0	0	0
hsa-miR-433-3p	0	0.50476345270316	0	0	0
hsa-miR-944	0	0.50476345270316	0	0	0
hsa-miR-6827-3p	0	0.50476345270316	0	0	0
hsa-miR-6787-3p	0	0.50476345270316	0	0	0
hsa-miR-6826-3p	0	0.50476345270316	0	0	0
hsa-miR-1237-3p	0	0.50476345270316	0	0	0
hsa-miR-5588-3p	0	0.50476345270316	0	0	0
hsa-miR-4732-3p	0	0.50476345270316	0.588646654250147	0	0
hsa-miR-877-5p	0	0.50476345270316	0	0	0
hsa-miR-144-5p	0	0.50476345270316	2.35458661700059	0	0
hsa-mir-27b	0	0.50476345270316	0	0	0
hsa-miR-6842-3p	0	0.50476345270316	0.392431102833431	0	3.1190348458573
hsa-let-7f-2-3p	0	0.50476345270316	1.37350885991701	0	0
hsa-miR-4668-5p	0	0.50476345270316	0	0	0
hsa-miR-6796-5p	0	0.50476345270316	0	0	0
hsa-miR-18a-3p	0	0.50476345270316	0.588646654250147	0	0
hsa-miR-937-3p	0	0.50476345270316	0.196215551416716	0	0
hsa-miR-503-5p	0	0.50476345270316	2.94323327125073	0	0
hsa-miR-378i	0	0.50476345270316	1.17729330850029	0	0
hsa-mir-378c	0	0.420636210585966	33.1931307813277	0	7.79758711464325
hsa-mir-4487	0	0.25238172635158	0.0981077757083578	0	0
hsa-mir-215	0	0.25238172635158	0.981077757083578	0	0
hsa-miR-4487	0	0.25238172635158	0.0981077757083578	0	0
hsa-mir-92a-1	0	0.25238172635158	0.0981077757083578	0	0
hsa-miR-708-3p	0	0	7.45619095383519	0	0
hsa-miR-548av-3p|hsa-miR-548o-3p	0	0	7.11281373885594	0	0
hsa-miR-199a-5p	0	0	6.86754429958504	0	0
hsa-miR-708-5p	0	0	3.72809547691759	0	0
hsa-miR-126-5p	0	0	3.72809547691759	0	0
hsa-miR-217	0	0	3.72809547691759	3.10158304798769	0
hsa-miR-216b-5p	0	0	2.74701771983402	0	3.1190348458573
hsa-miR-194-3p	0	0	2.15837106558387	0	0
hsa-miR-365a-3p|hsa-miR-365b-3p	0	0	1.76593996275044	0	0
hsa-miR-378h	0	0	1.76593996275044	0	0
hsa-miR-659-5p	0	0	1.76593996275044	0	6.2380696917146
hsa-miR-497-5p	0	0	1.56972441133372	0	0
hsa-miR-1273h-3p	0	0	1.56972441133372	0	0
hsa-miR-324-5p	0	0	1.56972441133372	0	0
hsa-miR-33a-5p	0	0	1.56972441133372	0	0
hsa-miR-6843-3p	0	0	1.37350885991701	0	0
hsa-miR-664a-3p	0	0	1.37350885991701	0	0
hsa-miR-1271-5p	0	0	1.37350885991701	0	0
hsa-miR-3934-5p	0	0	1.37350885991701	0	0
hsa-miR-486-3p	0	0	1.17729330850029	0	0
hsa-miR-548az-5p	0	0	1.17729330850029	0	0
hsa-miR-548ap-5p|hsa-miR-548j-5p	0	0	1.17729330850029	0	0
hsa-miR-212-5p	0	0	1.17729330850029	0	0
hsa-miR-505-5p	0	0	1.17729330850029	0	0
hsa-miR-550a-3-5p|hsa-miR-550a-5p	0	0	1.17729330850029	3.10158304798769	3.1190348458573
hsa-miR-3605-5p	0	0	1.17729330850029	0	0
hsa-miR-23a-5p	0	0	1.17729330850029	0	0
hsa-miR-1287-5p	0	0	0.981077757083578	0	0
hsa-miR-99a-3p	0	0	0.981077757083578	0	0
hsa-miR-411-5p	0	0	0.981077757083578	0	0
hsa-miR-125b-1-3p	0	0	0.981077757083578	0	0
hsa-miR-142-3p	0	0	0.981077757083578	3.10158304798769	56.1426272254314
hsa-miR-579-5p	0	0	0.981077757083578	0	0
hsa-miR-5588-5p	0	0	0.981077757083578	0	0
hsa-miR-6761-3p	0	0	0.784862205666862	0	0
hsa-miR-432-5p	0	0	0.784862205666862	0	0
hsa-miR-193a-3p	0	0	0.784862205666862	0	0
hsa-miR-616-3p	0	0	0.784862205666862	0	0
hsa-miR-92b-5p	0	0	0.784862205666862	0	6.2380696917146
hsa-miR-625-5p	0	0	0.784862205666862	0	0
hsa-miR-219a-1-3p	0	0	0.784862205666862	0	0
hsa-miR-1304-3p	0	0	0.784862205666862	0	0
hsa-miR-145-5p	0	0	0.784862205666862	0	0
hsa-miR-139-3p	0	0	0.784862205666862	0	0
hsa-miR-7-1-3p	0	0	0.784862205666862	0	0
hsa-miR-3127-3p	0	0	0.784862205666862	0	0
hsa-mir-30c-1	0	0	0.654051838055718	0	0
hsa-miR-326	0	0	0.588646654250147	0	0
hsa-miR-548a-3p	0	0	0.588646654250147	0	0
hsa-miR-1278	0	0	0.588646654250147	0	3.1190348458573
hsa-miR-3691-5p	0	0	0.588646654250147	0	0
hsa-miR-222-5p	0	0	0.588646654250147	0	0
hsa-miR-493-3p	0	0	0.588646654250147	0	0
hsa-miR-7850-5p	0	0	0.588646654250147	0	0
hsa-miR-4772-3p	0	0	0.588646654250147	0	0
hsa-miR-1255a	0	0	0.588646654250147	0	0
hsa-miR-3127-5p	0	0	0.588646654250147	0	0
hsa-miR-3143	0	0	0.588646654250147	0	0
hsa-miR-1296-5p	0	0	0.588646654250147	0	0
hsa-miR-3664-3p	0	0	0.588646654250147	0	0
hsa-miR-139-5p	0	0	0.588646654250147	0	0
hsa-miR-5193	0	0	0.588646654250147	0	0
hsa-miR-485-5p	0	0	0.588646654250147	0	0
hsa-miR-4658	0	0	0.588646654250147	0	0
hsa-miR-2278	0	0	0.392431102833431	0	0
hsa-miR-29b-2-5p	0	0	0.392431102833431	0	0
hsa-miR-3192-5p	0	0	0.392431102833431	0	0
hsa-miR-8057	0	0	0.392431102833431	0	0
hsa-miR-3164	0	0	0.392431102833431	0	0
hsa-miR-3159	0	0	0.392431102833431	0	0
hsa-miR-224-3p	0	0	0.392431102833431	0	0
hsa-miR-3664-5p	0	0	0.392431102833431	0	0
hsa-mir-27a	0	0	0.392431102833431	0	0
hsa-miR-885-3p	0	0	0.392431102833431	0	0
hsa-miR-493-5p	0	0	0.392431102833431	0	0
hsa-miR-187-3p	0	0	0.392431102833431	0	0
hsa-miR-6833-3p	0	0	0.392431102833431	0	0
hsa-miR-549a	0	0	0.392431102833431	6.20316609597539	0
hsa-miR-766-3p	0	0	0.392431102833431	0	0
hsa-miR-216a-3p	0	0	0.392431102833431	0	0
hsa-miR-889-3p	0	0	0.392431102833431	0	0
hsa-miR-33a-3p	0	0	0.392431102833431	0	0
hsa-miR-4686	0	0	0.392431102833431	0	0
hsa-miR-4796-3p	0	0	0.392431102833431	0	0
hsa-miR-3679-5p	0	0	0.392431102833431	0	0
hsa-miR-6842-5p	0	0	0.392431102833431	0	0
hsa-miR-3913-5p	0	0	0.392431102833431	0	0
hsa-miR-138-1-3p	0	0	0.392431102833431	0	0
hsa-miR-548t-5p	0	0	0.392431102833431	0	0
hsa-miR-6821-3p	0	0	0.392431102833431	0	0
hsa-miR-2276-3p	0	0	0.392431102833431	0	0
hsa-miR-4645-3p	0	0	0.392431102833431	0	0
hsa-miR-4773	0	0	0.392431102833431	0	0
hsa-miR-181b-2-3p	0	0	0.392431102833431	0	0
hsa-miR-6783-3p	0	0	0.392431102833431	0	0
hsa-miR-135b-3p	0	0	0.392431102833431	0	0
hsa-miR-4511	0	0	0.392431102833431	0	0
hsa-miR-6718-5p	0	0	0.392431102833431	0	0
hsa-miR-409-5p	0	0	0.392431102833431	0	0
hsa-miR-3198	0	0	0.392431102833431	0	0
hsa-miR-6815-5p	0	0	0.392431102833431	0	0
hsa-miR-296-3p	0	0	0.392431102833431	0	0
hsa-miR-6510-3p	0	0	0.392431102833431	0	0
hsa-miR-3131	0	0	0.392431102833431	0	0
hsa-miR-137	0	0	0.392431102833431	0	0
hsa-miR-210-5p	0	0	0.392431102833431	0	0
hsa-miR-500b-3p	0	0	0.392431102833431	0	0
hsa-miR-4797-5p	0	0	0.392431102833431	0	0
hsa-miR-197-5p	0	0	0.392431102833431	0	0
hsa-miR-6808-3p	0	0	0.392431102833431	0	0
hsa-miR-7851-3p	0	0	0.392431102833431	0	0
hsa-miR-548f-3p	0	0	0.196215551416716	0	0
hsa-miR-675-3p	0	0	0.196215551416716	0	0
hsa-miR-556-5p	0	0	0.196215551416716	0	0
hsa-miR-6857-3p	0	0	0.196215551416716	0	0
hsa-miR-6816-3p	0	0	0.196215551416716	0	0
hsa-miR-6788-3p	0	0	0.196215551416716	0	0
hsa-miR-23c	0	0	0.196215551416716	0	0
hsa-miR-6786-3p	0	0	0.196215551416716	0	0
hsa-miR-4671-5p	0	0	0.196215551416716	0	0
hsa-miR-6514-3p	0	0	0.196215551416716	0	0
hsa-miR-4795-3p	0	0	0.196215551416716	0	0
hsa-miR-4800-3p	0	0	0.196215551416716	0	0
hsa-miR-6817-3p	0	0	0.196215551416716	0	0
hsa-miR-4699-3p	0	0	0.196215551416716	0	0
hsa-miR-5581-3p	0	0	0.196215551416716	0	0
hsa-miR-365b-5p	0	0	0.196215551416716	0	0
hsa-let-7g-3p	0	0	0.196215551416716	0	0
hsa-miR-769-3p	0	0	0.196215551416716	0	0
hsa-miR-548ar-3p	0	0	0.196215551416716	0	0
hsa-miR-211-5p	0	0	0.196215551416716	0	0
hsa-miR-1202	0	0	0.196215551416716	0	0
hsa-miR-877-3p	0	0	0.196215551416716	0	0
hsa-miR-1910-5p	0	0	0.196215551416716	0	0
hsa-miR-1260b	0	0	0.196215551416716	0	0
hsa-miR-933	0	0	0.196215551416716	0	0
hsa-miR-4762-3p	0	0	0.196215551416716	0	0
hsa-miR-216b-3p	0	0	0.196215551416716	0	0
hsa-miR-4750-5p	0	0	0.196215551416716	0	0
hsa-miR-6854-3p	0	0	0.196215551416716	0	0
hsa-miR-6763-5p	0	0	0.196215551416716	0	0
hsa-miR-4636	0	0	0.196215551416716	0	0
hsa-miR-1255b-5p	0	0	0.196215551416716	0	0
hsa-miR-4504	0	0	0.196215551416716	0	0
hsa-miR-296-5p	0	0	0.196215551416716	0	0
hsa-miR-1249-3p	0	0	0.196215551416716	0	0
hsa-miR-6749-3p	0	0	0.196215551416716	0	0
hsa-miR-935	0	0	0.196215551416716	0	0
hsa-miR-299-5p	0	0	0.196215551416716	0	0
hsa-miR-3688-3p	0	0	0.196215551416716	0	0
hsa-miR-3174	0	0	0.196215551416716	0	0
hsa-miR-301a-3p	0	0	0.196215551416716	0	0
hsa-miR-136-3p	0	0	0.196215551416716	0	0
hsa-miR-4742-3p	0	0	0.196215551416716	0	0
hsa-miR-6774-3p	0	0	0.196215551416716	0	0
hsa-miR-939-5p	0	0	0.196215551416716	0	0
hsa-miR-370-3p	0	0	0.196215551416716	0	0
hsa-miR-548o-3p	0	0	0.196215551416716	0	0
hsa-miR-6514-5p	0	0	0.196215551416716	0	0
hsa-miR-548j-3p	0	0	0.196215551416716	0	0
hsa-miR-1258	0	0	0.196215551416716	0	0
hsa-miR-5010-5p	0	0	0.196215551416716	0	0
hsa-miR-4477b	0	0	0.196215551416716	0	0
hsa-miR-3613-3p	0	0	0.196215551416716	0	0
hsa-miR-6894-5p	0	0	0.196215551416716	0	0
hsa-miR-411-3p	0	0	0.196215551416716	0	0
hsa-miR-487b-3p	0	0	0.196215551416716	0	0
hsa-miR-3124-5p	0	0	0.196215551416716	0	0
hsa-miR-552-3p	0	0	0.196215551416716	0	0
hsa-miR-6810-3p	0	0	0.196215551416716	0	0
hsa-miR-7107-3p	0	0	0.196215551416716	0	0
hsa-miR-1269a	0	0	0.196215551416716	0	0
hsa-miR-4433b-5p	0	0	0.196215551416716	0	0
hsa-miR-5689	0	0	0.196215551416716	0	0
hsa-miR-5699-5p	0	0	0.196215551416716	0	0
hsa-miR-4667-3p	0	0	0.196215551416716	0	0
hsa-miR-1185-1-3p	0	0	0.196215551416716	0	0
hsa-miR-873-3p	0	0	0.196215551416716	0	0
hsa-miR-323a-5p	0	0	0.196215551416716	0	0
hsa-miR-3151-5p	0	0	0.196215551416716	0	0
hsa-miR-4510	0	0	0.196215551416716	0	0
hsa-miR-4728-3p	0	0	0.196215551416716	0	0
hsa-miR-1908-5p	0	0	0.196215551416716	0	0
hsa-miR-3651	0	0	0.196215551416716	0	0
hsa-miR-548b-5p	0	0	0.196215551416716	0	0
hsa-miR-6513-5p	0	0	0.196215551416716	0	0
hsa-miR-4474-3p	0	0	0.196215551416716	0	0
hsa-miR-548ad-5p|hsa-miR-548ae-5p	0	0	0.196215551416716	0	0
hsa-miR-4999-5p	0	0	0.196215551416716	0	0
hsa-miR-548ac	0	0	0.196215551416716	0	0
hsa-miR-3936	0	0	0.196215551416716	0	0
hsa-miR-548j-5p	0	0	0.196215551416716	0	0
hsa-miR-3128	0	0	0.196215551416716	0	0
hsa-miR-4683	0	0	0.196215551416716	0	0
hsa-miR-5695	0	0	0.196215551416716	0	0
hsa-mir-151b	0	0	0.196215551416716	0	0
hsa-miR-636	0	0	0.196215551416716	0	0
hsa-miR-548ah-3p	0	0	0.196215551416716	0	0
hsa-miR-501-5p	0	0	0.196215551416716	0	3.1190348458573
hsa-miR-1292-5p	0	0	0.196215551416716	0	0
hsa-miR-551a	0	0	0.196215551416716	0	0
hsa-miR-3685	0	0	0.196215551416716	0	0
hsa-miR-2681-5p	0	0	0.196215551416716	0	0
hsa-miR-3133	0	0	0.196215551416716	0	0
hsa-miR-6818-3p	0	0	0.196215551416716	0	0
hsa-miR-3152-5p	0	0	0.196215551416716	0	0
hsa-miR-1285-5p	0	0	0.196215551416716	0	0
hsa-miR-1228-5p	0	0	0.196215551416716	0	0
hsa-miR-6800-5p	0	0	0.196215551416716	0	0
hsa-miR-1295b-3p	0	0	0.196215551416716	0	0
hsa-miR-7844-5p	0	0	0.196215551416716	0	0
hsa-miR-6757-5p	0	0	0.196215551416716	0	0
hsa-miR-5000-3p	0	0	0.196215551416716	0	0
hsa-miR-9-5p	0	0	0.196215551416716	0	3.1190348458573
hsa-miR-548h-5p	0	0	0.196215551416716	0	0
hsa-miR-605-3p	0	0	0.196215551416716	0	0
hsa-mir-320b-2	0	0	0.137350885991701	0	0
hsa-mir-320a	0	0	0.137350885991701	0	0
hsa-mir-378d-1	0	0	0.130810367611144	0	0
hsa-mir-378a	0	0	0.130810367611144	0	0
hsa-let-7a-1	0	0	0.0981077757083578	0	0
hsa-mir-30a	0	0	0.0981077757083578	0	0
hsa-let-7c	0	0	0.0981077757083578	0	0
hsa-mir-548f-3	0	0	0.0654051838055718	0	0
hsa-miR-548f-3p|hsa-miR-548g-3p	0	0	0.0654051838055718	0	0
hsa-mir-548f-1	0	0	0.0654051838055718	0	0
hsa-miR-548av-3p	0	0	0.0490538878541789	0	0
hsa-mir-320b-1	0	0	0.0392431102833431	0	0
hsa-miR-4676-5p	0	0	0	6.20316609597539	0
hsa-miR-205-5p	0	0	0	3.10158304798769	12.4761393834292
hsa-miR-3918	0	0	0	0	6.2380696917146
hsa-miR-133a-5p	0	0	0	0	3.1190348458573
hsa-miR-4709-3p	0	0	0	0	3.1190348458573
hsa-miR-6821-5p	0	0	0	0	3.1190348458573
hsa-miR-196a-5p	0	0	0	0	3.1190348458573
hsa-miR-1248	0	0	0	0	3.1190348458573
