	sample_Neptune_Urine_33-10_fastq	sample_Neptune_Urine_33-11_fastq	sample_Neptune_Urine_33-12_fastq	sample_Neptune_Urine_33-13_fastq	sample_Neptune_Urine_33-14_fastq	sample_Neptune_Urine_33-15_fastq	sample_Neptune_Urine_33-17_fastq	sample_Neptune_Urine_33-18_fastq	sample_Neptune_Urine_33-19_fastq	sample_Neptune_Urine_33-1_fastq	sample_Neptune_Urine_33-20_fastq	sample_Neptune_Urine_33-21_fastq	sample_Neptune_Urine_33-22_fastq	sample_Neptune_Urine_33-23_fastq	sample_Neptune_Urine_33-24_fastq	sample_Neptune_Urine_33-2_fastq	sample_Neptune_Urine_33-3_fastq	sample_Neptune_Urine_33-4_fastq	sample_Neptune_Urine_33-5_fastq	sample_Neptune_Urine_33-6_fastq	sample_Neptune_Urine_33-7_fastq	sample_Neptune_Urine_33-8_fastq	sample_Neptune_Urine_33-9_fastq	sample_Neptune_Urine_35-10_fastq	sample_Neptune_Urine_35-11_fastq	sample_Neptune_Urine_35-12_fastq	sample_Neptune_Urine_35-13_fastq	sample_Neptune_Urine_35-15_fastq	sample_Neptune_Urine_35-16_fastq	sample_Neptune_Urine_35-17_fastq	sample_Neptune_Urine_35-18_fastq	sample_Neptune_Urine_35-19_fastq	sample_Neptune_Urine_35-1_fastq	sample_Neptune_Urine_35-20_fastq	sample_Neptune_Urine_35-21_fastq	sample_Neptune_Urine_35-22_fastq	sample_Neptune_Urine_35-23_fastq	sample_Neptune_Urine_35-24_fastq	sample_Neptune_Urine_35-2_fastq	sample_Neptune_Urine_35-3_fastq	sample_Neptune_Urine_35-4_fastq	sample_Neptune_Urine_35-5_fastq	sample_Neptune_Urine_35-6_fastq	sample_Neptune_Urine_35-7_fastq	sample_Neptune_Urine_35-8_fastq	sample_Neptune_Urine_35-9_fastq	sample_Neptune_Urine_36-10_fastq	sample_Neptune_Urine_36-11_fastq	sample_Neptune_Urine_36-12_fastq	sample_Neptune_Urine_36-14_fastq	sample_Neptune_Urine_36-16_fastq	sample_Neptune_Urine_36-17_fastq	sample_Neptune_Urine_36-18_fastq	sample_Neptune_Urine_36-19_fastq	sample_Neptune_Urine_36-1_fastq	sample_Neptune_Urine_36-20_fastq	sample_Neptune_Urine_36-21_fastq	sample_Neptune_Urine_36-22_fastq	sample_Neptune_Urine_36-23_fastq	sample_Neptune_Urine_36-24_fastq	sample_Neptune_Urine_36-2_fastq	sample_Neptune_Urine_36-3_fastq	sample_Neptune_Urine_36-4_fastq	sample_Neptune_Urine_36-5_fastq	sample_Neptune_Urine_36-6_fastq	sample_Neptune_Urine_36-7_fastq	sample_Neptune_Urine_36-8_fastq	sample_Neptune_Urine_36-9_fastq	sample_Neptune_Urine_37-10_fastq	sample_Neptune_Urine_37-11_fastq	sample_Neptune_Urine_37-1_fastq	sample_Neptune_Urine_37-2_fastq	sample_Neptune_Urine_37-3_fastq	sample_Neptune_Urine_37-4_fastq	sample_Neptune_Urine_37-5_fastq	sample_Neptune_Urine_37-6_fastq	sample_Neptune_Urine_37-7_fastq	sample_Neptune_Urine_37-8_fastq	sample_Neptune_Urine_37-9_fastq
hsa-miR-30a-5p	0	0	0	114356.96473103	0	0	0	0	0	0	0	0	0	0	0	0	0	22222.2222222222	0	0	0	0	0	0	0	0	183887.915936953	0	0	0	0	0	0	0	0	0	0	0	0	0	32727.2727272727	0	0	0	0	0	0	0	0	0	0	0	0	0	0	0	0	0	0	0	0	0	29345.3724604966	0	0	0	0	0	0	0	0	0	0	29197.0802919708	0	0	0	0	272.405339144647
hsa-let-7b-5p	0	0	0	103788.148675929	0	15053.7634408602	0	99578.05907173	0	0	0	0	0	0	0	5698.0056980057	0	0	0	0	0	0	0	0	0	0	91652.0723876241	0	0	0	161013.400335008	0	0	0	0	0	0	0	0	653.167864141084	32727.2727272727	0	0	0	0	0	0	0	0	1326.2599469496	0	749.063670411985	156388.95389656	0	0	0	0	0	412.967169110056	0	0	1531.39356814701	10158.0135440181	0	0	0	688.231245698555	0	0	0	0	0	0	0	0	0	0	1175.77895355673	1498.22936529556
hsa-let-7a-5p	0	0	0	58959.7434983969	0	2150.5376344086	0	23628.6919831224	0	0	0	0	0	0	0	0	0	11111.1111111111	0	0	0	0	0	0	0	0	37361.3543490952	0	0	0	8375.20938023451	0	0	0	0	0	0	0	0	0	3636.36363636364	0	0	0	0	0	0	0	0	0	0	0	10609.2518917232	0	0	0	0	0	0	0	0	0	4514.67268623025	0	0	0	0	0	0	0	0	0	0	0	0	0	0	0	0
hsa-miR-26a-5p	0	0	0	53081.581759886	0	0	0	0	0	0	0	0	0	0	0	0	0	0	0	0	0	0	0	0	0	0	33858.7273788675	0	0	0	0	0	0	0	0	0	0	0	0	0	0	0	0	0	0	0	0	0	0	0	0	0	0	0	0	0	0	0	0	0	0	0	4514.67268623025	0	0	0	0	0	0	0	0	0	0	0	0	0	0	0	0
hsa-miR-200a-3p	0	0	0	49162.8072675454	0	5376.34408602151	0	0	0	0	0	0	0	0	0	0	0	0	0	0	0	0	0	0	0	0	30356.1004086398	0	0	0	10887.7721943049	0	0	0	0	0	0	0	0	0	0	0	0	0	0	0	0	0	0	0	0	0	702.082845775802	0	0	0	0	0	0	0	0	0	2257.33634311512	0	0	0	0	0	0	0	0	0	0	0	0	0	0	0	0
hsa-miR-99a-5p	0	0	0	42750.2671891699	0	0	0	0	0	0	0	0	0	0	0	0	0	0	0	0	0	0	0	0	0	0	17221.249270286	0	0	0	0	0	0	0	0	0	0	0	0	0	3636.36363636364	0	0	0	0	0	0	0	0	0	0	0	702.082845775802	0	0	0	0	0	0	0	0	0	2257.33634311512	0	0	0	0	0	0	0	0	0	0	14598.5401459854	0	0	0	0	0
hsa-let-7f-5p	0	0	0	38831.4926968294	0	6451.61290322581	0	5907.17299578059	0	0	0	0	0	0	0	0	0	0	0	0	0	0	0	0	0	0	10507.880910683	0	0	0	837.520938023451	0	0	0	0	0	0	0	0	0	0	0	0	0	0	0	0	0	0	0	0	0	7956.93891879242	0	0	0	0	0	0	0	0	0	0	0	0	0	0	0	0	0	0	0	0	0	0	0	0	0	0
hsa-miR-10b-5p	0	0	0	26006.4125400784	0	0	0	0	0	0	0	0	0	0	0	0	0	0	0	0	0	0	0	0	0	0	15178.0502043199	0	0	0	0	0	0	0	0	0	0	0	0	0	10909.0909090909	0	0	0	0	0	0	0	0	0	0	0	0	0	0	0	0	0	0	0	0	0	29345.3724604966	0	0	0	0	0	0	0	0	0	0	0	0	0	0	0	0
hsa-let-7c-5p	0	0	0	25590.7849424059	0	1075.2688172043	0	5063.29113924051	0	0	0	0	0	0	0	0	0	11111.1111111111	0	0	0	0	0	0	0	0	11091.6520723876	0	0	0	6909.54773869347	0	0	0	0	0	0	0	0	0	3636.36363636364	0	0	0	0	303.982166379572	0	0	0	0	7207.20720720721	0	8249.47343786567	0	0	0	0	0	0	0	0	0	1128.66817155756	0	0	0	0	0	0	0	0	0	0	0	0	0	0	0	0
hsa-miR-10a-5p	0	0	0	22443.8902743142	0	0	0	0	0	0	0	0	0	0	0	0	0	0	0	0	0	0	0	0	0	0	18680.6771745476	0	0	0	0	0	0	0	0	0	0	0	0	0	10909.0909090909	0	0	0	0	0	0	0	0	0	0	0	0	0	0	0	0	0	0	0	0	0	11286.6817155756	0	0	0	0	0	0	0	0	0	0	0	0	0	0	0	0
hsa-miR-26b-5p	0	0	0	22087.6380477378	0	4301.0752688172	0	0	0	0	0	0	0	0	0	0	0	0	0	0	0	0	0	0	0	0	21599.5329830706	0	0	0	0	0	0	0	0	0	0	0	0	0	0	0	0	0	0	0	0	0	0	0	0	0	0	0	0	0	0	0	0	0	0	0	0	0	0	0	0	0	0	0	0	0	0	0	0	0	0	0	0
hsa-miR-30c-5p	0	0	0	17456.3591022444	0	0	0	0	0	0	0	0	0	0	0	0	0	0	0	0	0	0	0	0	0	0	5253.94045534151	0	0	0	0	0	0	0	0	0	0	0	0	0	10909.0909090909	0	0	0	0	0	0	0	0	0	0	0	0	0	0	0	0	0	0	0	0	0	13544.0180586907	0	0	0	0	0	0	0	0	0	0	0	0	0	0	1175.77895355673	0
hsa-miR-30e-5p	0	0	0	16387.6024225151	0	0	0	0	0	0	0	0	0	0	0	0	0	11111.1111111111	0	0	0	0	0	0	0	0	28021.0157618214	0	0	0	0	0	0	0	0	0	0	0	0	0	0	0	0	0	0	0	0	0	0	0	0	0	0	0	0	0	0	0	0	0	0	0	2257.33634311512	0	0	0	0	0	0	0	0	0	0	0	0	0	0	0	0
hsa-let-7g-5p	0	0	0	14606.3412896331	0	1075.2688172043	0	0	0	0	0	0	0	0	0	0	0	0	0	0	0	0	0	0	0	0	7589.02510215995	0	0	0	2931.32328308208	0	0	0	0	0	0	0	0	0	0	0	0	0	0	0	0	0	0	0	0	0	0	0	0	0	0	0	0	0	0	0	0	0	0	0	0	0	0	0	0	0	0	0	0	0	0	0	0
hsa-miR-30d-5p	0	0	0	14250.0890630566	0	0	0	0	0	0	0	0	0	0	0	0	0	0	0	0	0	0	0	0	0	0	21599.5329830706	0	0	0	0	0	0	0	0	0	0	0	0	0	21818.1818181818	0	0	0	0	0	0	0	0	0	0	0	0	0	0	0	0	0	0	0	0	0	9029.3453724605	0	0	0	0	0	0	0	0	0	0	0	0	0	0	0	0
hsa-miR-30b-5p	0	0	0	12231.3264457903	0	0	0	0	0	0	0	0	0	0	0	0	0	0	0	0	0	0	0	0	0	0	7005.25394045534	0	0	0	0	0	0	0	0	0	0	0	0	0	0	0	0	0	0	0	0	0	0	0	0	0	0	0	0	0	0	0	0	0	0	0	4514.67268623025	0	0	0	0	0	0	0	0	0	0	0	0	0	0	0	0
hsa-miR-29b-3p	0	0	0	10331.3145707161	0	0	0	0	0	0	0	0	0	0	0	0	0	0	0	0	0	0	0	0	0	0	11091.6520723876	0	0	0	0	0	0	0	0	0	0	0	0	0	0	0	0	0	0	0	0	0	0	0	0	0	0	0	0	0	0	0	0	0	0	0	0	0	0	0	0	0	0	0	0	0	0	0	0	0	0	0	0
hsa-miR-125b-5p	0	0	0	9618.81011756323	0	0	0	1687.76371308017	0	0	0	0	0	0	0	0	0	0	0	0	0	0	0	0	0	0	5253.94045534151	0	0	0	1675.0418760469	0	0	0	0	0	0	0	0	0	3636.36363636364	0	0	0	0	0	0	0	0	0	0	0	468.055230517201	0	0	0	0	0	0	0	0	0	2257.33634311512	0	0	0	0	0	0	0	0	0	0	7299.2700729927	0	0	0	0	0
hsa-miR-29c-3p	0	0	0	9262.55789098682	0	6451.61290322581	0	87763.7130801688	0	0	0	0	0	0	0	0	0	0	0	0	0	5167.95865633075	0	0	0	0	9924.1097489784	0	0	0	129815.745393635	0	0	0	0	0	0	0	0	0	3636.36363636364	0	0	0	0	0	0	0	0	0	0	0	165457.523987831	0	0	0	0	0	0	0	0	0	2257.33634311512	0	0	0	0	0	0	0	0	0	0	0	0	0	0	0	0
hsa-let-7i-5p	0	0	0	8550.05343783399	0	1075.2688172043	0	27004.2194092827	0	0	0	0	0	0	0	0	0	0	0	0	0	0	0	0	0	0	21599.5329830706	0	0	0	10887.7721943049	0	0	0	0	0	0	0	0	0	3636.36363636364	0	0	0	0	0	0	0	0	0	0	0	12403.4636087058	0	0	0	0	0	0	0	0	0	0	0	0	0	0	0	0	0	0	0	0	0	0	0	0	0	0
hsa-miR-191-5p	0	0	0	8550.05343783399	0	0	0	0	0	0	0	0	0	0	0	0	0	0	0	0	0	0	0	0	0	0	2918.85580852306	0	0	0	0	0	0	0	0	0	0	0	0	0	0	0	0	0	0	0	0	0	0	0	0	0	0	0	0	0	0	0	0	0	0	0	0	0	0	0	0	0	0	0	0	0	0	0	0	0	0	0	0
hsa-miR-92a-3p	0	0	0	8193.80121125757	0	1075.2688172043	0	0	0	0	0	0	0	0	0	0	0	0	0	0	0	0	0	0	0	0	25685.9311150029	0	0	0	0	0	0	0	0	0	0	0	0	0	7272.72727272727	0	0	0	0	0	0	0	0	0	0	0	1638.1933068102	0	0	0	0	0	0	0	0	0	2257.33634311512	0	0	0	0	0	0	0	0	0	0	0	0	0	0	0	0
hsa-miR-375	0	0	0	8193.80121125757	0	0	0	0	0	0	0	0	0	0	0	0	0	0	0	0	0	0	0	0	0	0	0	0	0	0	0	0	0	0	0	0	0	0	0	0	18181.8181818182	0	0	0	0	0	0	0	0	0	0	0	0	0	0	0	0	0	0	0	0	0	2257.33634311512	0	0	0	0	0	0	0	0	0	0	0	0	0	0	0	0
hsa-miR-100-5p	0	0	0	8193.80121125757	0	0	0	0	0	0	0	0	0	0	0	0	0	0	0	0	0	0	0	0	0	0	17805.0204319907	0	0	0	0	0	0	0	0	0	0	0	0	0	0	0	0	0	0	0	0	0	0	0	0	0	0	0	0	0	0	0	0	0	0	0	0	0	0	0	0	0	0	0	0	0	0	0	0	0	0	0	0
hsa-miR-125a-5p	0	0	0	7837.54898468115	0	0	0	0	0	0	0	0	0	0	0	0	0	0	0	0	0	0	0	0	0	0	10507.880910683	0	0	0	0	0	0	0	0	0	0	0	0	0	3636.36363636364	0	0	0	0	0	0	0	0	0	0	0	0	0	0	0	0	0	0	0	0	0	2257.33634311512	0	0	0	0	0	0	0	0	0	0	0	0	0	0	0	0
hsa-miR-186-5p	0	0	0	7481.29675810474	0	0	0	0	0	0	0	0	0	0	0	0	0	0	0	0	0	0	0	0	0	0	4670.16929363689	0	0	0	0	0	0	0	0	0	0	0	0	0	0	0	0	0	0	0	0	0	0	0	0	0	0	0	0	0	0	0	0	0	0	0	0	0	0	0	0	0	0	0	0	0	0	0	0	0	0	0	0
hsa-miR-29a-3p	0	0	0	6056.28785179907	0	2150.5376344086	0	154430.379746835	0	0	0	0	0	0	0	0	0	0	0	0	0	0	0	0	0	0	11675.4232340922	19607.8431372549	0	0	190117.252931323	0	0	0	0	0	0	0	0	0	0	0	0	0	0	0	0	0	0	0	0	0	188626.257898432	0	0	0	0	0	0	0	0	0	0	0	0	0	688.231245698555	0	0	0	0	0	0	0	0	0	0	0	0
hsa-miR-192-5p	0	0	0	4631.27894549341	0	0	0	0	0	0	0	0	0	0	0	0	0	0	0	0	0	0	0	0	0	0	1167.54232340922	0	0	0	0	0	0	0	0	0	0	0	0	0	0	0	0	0	0	0	0	0	0	0	0	0	0	0	0	0	0	0	0	0	0	0	0	0	0	0	0	0	0	0	0	0	0	0	0	0	0	0	0
hsa-miR-135a-5p	0	0	0	3918.77449234058	0	0	0	0	0	0	0	0	0	0	0	0	0	0	0	0	0	0	0	0	0	0	583.771161704612	0	0	0	0	0	0	0	0	0	0	0	0	0	0	0	0	0	0	0	0	0	0	0	0	0	0	0	0	0	0	0	0	0	0	0	0	0	0	0	0	0	0	0	0	0	0	0	0	0	0	0	0
hsa-miR-190a-5p	0	0	0	3918.77449234058	0	0	0	0	0	0	0	0	0	0	0	0	0	0	0	0	0	0	0	0	0	0	1751.31348511384	0	0	0	0	0	0	0	0	0	0	0	0	0	0	0	0	0	0	0	0	0	0	0	0	0	0	0	0	0	0	0	0	0	0	0	0	0	0	0	0	0	0	0	0	0	0	0	0	0	0	0	0
hsa-let-7d-5p	0	0	0	3562.52226576416	0	0	0	0	0	0	0	0	0	0	0	0	0	0	0	0	0	0	0	0	0	0	583.771161704612	0	0	0	0	0	0	0	0	0	0	0	0	0	0	0	0	0	0	0	0	0	0	0	0	0	0	0	0	0	0	0	0	0	0	0	0	0	0	0	0	0	0	0	0	0	0	0	0	0	0	0	0
hsa-miR-187-3p	0	0	0	3562.52226576416	0	0	0	0	0	0	0	0	0	0	0	0	0	0	0	0	0	0	0	0	0	0	0	0	0	0	0	0	0	0	0	0	0	0	0	0	0	0	0	0	0	0	0	0	0	0	0	0	0	0	0	0	0	0	0	0	0	0	0	0	0	0	0	0	0	0	0	0	0	0	0	0	0	0	0
hsa-miR-204-5p	0	0	0	3206.27003918774	0	0	0	0	0	0	0	0	0	0	0	0	0	11111.1111111111	0	0	0	0	0	0	0	0	0	0	0	0	0	0	0	0	0	0	0	0	0	0	7272.72727272727	0	0	0	0	0	0	0	0	0	0	0	0	0	0	0	0	0	0	0	0	0	6772.00902934537	0	0	0	0	0	0	0	0	0	0	0	0	0	0	0	0
hsa-miR-151a-3p	0	0	0	2850.01781261133	0	0	0	0	0	0	0	0	0	0	0	0	0	0	0	0	0	0	0	0	0	0	0	0	0	0	0	0	0	0	0	0	0	0	0	0	0	0	0	0	0	0	0	0	0	0	0	0	234.027615258601	0	0	0	0	0	0	0	0	0	0	0	0	0	0	0	0	0	0	0	0	0	0	0	0	0	0
hsa-miR-98-5p	0	0	0	2493.76558603491	0	0	0	0	0	0	0	0	0	0	0	0	0	0	0	0	0	0	0	0	0	0	583.771161704612	0	0	0	0	0	0	0	0	0	0	0	0	0	0	0	0	0	0	0	0	0	0	0	0	0	234.027615258601	0	0	0	0	0	0	0	0	0	0	0	0	0	0	0	0	0	0	0	0	0	0	0	0	0	0
hsa-miR-1307-5p	0	0	0	2493.76558603491	0	0	0	2531.64556962025	0	0	0	0	0	0	0	0	0	0	0	0	0	0	0	0	0	0	9924.1097489784	0	0	0	6700.16750418761	0	0	0	0	0	0	0	0	0	7272.72727272727	0	0	0	0	0	0	0	0	0	0	0	2808.33138310321	0	0	0	0	0	0	0	0	0	2257.33634311512	0	0	0	0	0	0	0	0	0	0	0	0	0	0	0	0
hsa-let-7e-5p	0	0	0	2493.76558603491	0	1075.2688172043	0	8438.81856540084	0	0	0	0	0	0	0	0	0	0	0	0	0	0	0	0	0	0	0	0	0	0	5025.1256281407	0	0	0	0	0	0	0	0	0	0	0	0	0	0	0	0	0	0	0	0	0	3978.46945939621	0	0	0	0	0	0	0	0	0	2257.33634311512	0	0	0	0	0	0	0	0	0	0	0	0	0	0	0	0
hsa-miR-374a-5p	0	0	0	2493.76558603491	0	0	0	0	0	0	0	0	0	0	0	0	0	0	0	0	0	0	0	0	0	0	4962.0548744892	0	0	0	0	0	0	0	0	0	0	0	0	0	0	0	0	0	0	0	0	0	0	0	0	0	0	0	0	0	0	0	0	0	0	0	0	0	0	0	0	0	0	0	0	0	0	0	0	0	0	0	0
hsa-miR-363-3p	0	0	0	2137.5133594585	0	0	0	0	0	0	0	0	0	0	0	0	0	0	0	0	0	0	0	0	0	0	2335.08464681845	0	0	0	0	0	0	0	0	0	0	0	0	0	0	0	0	0	0	0	0	0	0	0	0	0	0	0	0	0	0	0	0	0	0	0	0	0	0	0	0	0	0	0	0	0	0	0	0	0	0	0	0
hsa-miR-34a-5p	0	0	0	2137.5133594585	0	0	0	0	0	0	0	0	0	0	0	0	0	0	0	0	0	0	0	0	0	0	1167.54232340922	0	0	0	0	0	0	0	0	0	0	0	0	0	0	0	0	0	0	0	0	0	0	0	0	0	0	0	0	0	0	0	0	0	0	0	0	0	0	0	0	0	0	0	0	0	0	0	0	0	0	0	0
hsa-miR-451a	0	0	0	1781.26113288208	0	0	0	0	0	0	0	0	0	0	0	0	58737.1512481645	0	0	0	0	2583.97932816537	0	0	0	0	65966.1412726211	0	0	7800.3120124805	0	0	0	0	0	0	14598.5401459854	0	0	0	0	18604.6511627907	0	0	0	0	0	0	0	0	0	0	0	0	0	0	0	0	619.450753665084	0	0	0	2257.33634311512	0	0	10518.4072126221	0	0	0	0	0	0	0	0	0	0	0	587.889476778366	0
hsa-miR-181b-5p	0	0	0	1425.00890630566	0	3225.8064516129	0	0	0	0	0	0	0	0	0	0	0	0	0	0	0	0	0	0	0	0	2335.08464681845	0	0	0	837.520938023451	0	0	0	0	0	0	0	0	0	0	0	0	0	0	0	0	0	0	0	0	0	702.082845775802	0	0	0	0	0	0	0	0	0	0	0	0	0	0	0	0	0	0	0	0	0	0	0	0	0	0
hsa-miR-455-5p	0	0	0	1425.00890630566	0	0	0	0	0	0	0	0	0	0	0	0	0	0	0	0	0	0	0	0	0	0	0	0	0	0	0	0	0	0	0	0	0	0	0	0	0	0	0	0	0	0	0	0	0	0	0	0	0	0	0	0	0	0	0	0	0	0	0	0	0	0	0	0	0	0	0	0	0	0	0	0	0	0	0
hsa-miR-127-3p	0	0	0	1425.00890630566	0	0	0	0	0	0	0	0	0	0	0	0	0	0	0	0	0	0	0	0	0	0	0	0	0	0	0	0	0	0	0	0	0	0	0	0	0	0	0	0	0	0	0	0	0	0	0	0	0	0	0	0	0	0	0	0	0	0	0	0	0	0	0	0	0	0	0	0	0	0	0	0	0	0	0
hsa-miR-200b-3p	0	0	0	1425.00890630566	0	0	0	0	0	0	0	0	0	0	0	0	0	0	0	0	0	0	0	0	0	0	0	0	0	0	0	0	0	0	0	0	0	0	0	0	0	0	0	0	0	0	0	0	0	0	0	0	0	0	0	0	0	0	0	0	0	0	0	0	0	0	0	0	0	0	0	0	0	0	0	0	0	0	0
hsa-miR-196b-5p	0	0	0	1425.00890630566	0	0	0	0	0	0	0	0	0	0	0	0	0	0	0	0	0	0	0	0	0	0	0	0	0	0	0	0	0	0	0	0	0	0	0	0	0	0	0	0	0	101.327388793191	0	0	0	0	0	0	0	0	0	0	0	0	0	0	0	0	0	0	0	0	0	0	0	0	0	0	0	0	0	0	0	0	0
hsa-miR-22-3p	0	0	0	1425.00890630566	0	0	0	0	0	0	0	0	0	0	0	0	0	0	0	0	0	0	0	0	0	0	4086.39813193228	0	0	0	0	0	0	0	0	0	0	0	0	0	3636.36363636364	0	0	0	0	0	0	0	0	0	0	0	0	0	0	0	0	0	0	0	0	0	0	0	0	0	0	0	0	0	0	0	0	0	0	0	0	0	0
hsa-miR-21-3p	0	0	0	1068.75667972925	0	0	0	0	0	0	0	0	0	0	0	0	0	0	0	0	0	0	0	0	0	0	0	0	0	0	0	0	0	0	0	0	0	0	0	0	0	0	0	0	0	0	0	0	0	0	0	0	0	0	0	0	0	0	0	0	0	0	0	0	0	0	0	0	0	0	0	0	0	0	0	0	0	0	0
hsa-miR-30a-3p	0	0	0	1068.75667972925	0	0	0	0	0	0	0	0	0	0	0	0	0	0	0	0	0	0	0	0	0	0	0	0	0	0	0	0	0	0	0	0	0	0	0	0	3636.36363636364	0	0	0	0	0	0	0	0	0	0	0	0	0	0	0	0	0	0	0	0	0	0	0	0	0	0	0	0	0	0	0	0	0	0	0	0	0	0
hsa-miR-324-3p	0	0	0	1068.75667972925	0	0	0	0	0	0	0	0	0	0	0	0	0	0	0	0	0	0	0	0	0	0	0	0	0	0	0	0	0	0	0	0	0	0	0	0	0	0	0	0	0	0	0	0	0	0	0	0	0	0	0	0	0	0	0	0	0	0	0	0	0	0	0	0	0	0	0	0	0	0	0	0	0	0	0
hsa-miR-200c-3p	0	0	0	1068.75667972925	0	0	0	0	0	0	0	0	0	0	0	0	0	0	0	0	0	0	0	0	0	0	0	0	0	0	0	0	0	0	0	0	0	0	0	0	0	0	0	0	0	0	0	0	0	0	0	0	0	0	0	0	0	0	0	0	0	0	0	0	0	0	0	0	0	0	0	0	0	0	0	0	0	0	0
hsa-miR-221-3p	0	0	0	1068.75667972925	0	2150.5376344086	0	28691.9831223629	0	0	0	0	0	0	0	0	0	0	0	0	0	0	0	0	0	0	0	19607.8431372549	0	0	25125.6281407035	0	0	0	0	0	0	0	0	0	0	0	0	0	0	0	0	0	0	0	0	0	8190.96653405102	0	0	1482.94611962432	0	0	0	0	0	0	0	0	0	0	0	0	0	0	0	0	0	0	0	0	0	0	0
hsa-miR-423-3p	0	0	0	712.504453152832	0	0	0	0	0	0	0	0	0	0	0	0	0	0	0	0	0	0	0	0	0	0	0	0	0	0	0	0	0	0	0	0	0	0	0	0	0	0	0	0	0	0	0	0	0	0	0	0	0	0	0	0	0	0	0	0	0	0	0	0	0	0	0	0	0	0	0	0	0	0	0	0	0	0	0
hsa-miR-1180-3p	0	0	0	712.504453152832	0	0	0	0	0	0	0	0	0	0	0	0	0	0	0	0	0	0	0	0	0	0	0	0	0	0	0	0	0	0	0	0	0	0	0	0	0	0	0	0	0	0	0	0	0	0	0	0	0	0	0	0	0	0	0	0	0	0	0	0	0	0	0	0	0	0	0	0	0	0	0	0	0	0	0
hsa-miR-196a-5p	0	0	0	712.504453152832	0	0	0	0	0	0	0	0	0	0	0	0	0	0	0	0	0	0	0	0	0	0	0	0	0	0	0	0	0	0	0	0	0	0	0	0	0	0	0	0	0	0	0	0	0	0	0	0	0	0	0	0	0	0	0	0	0	0	0	0	0	0	0	0	0	0	0	0	0	0	0	0	0	0	0
hsa-miR-361-3p	0	0	0	712.504453152832	0	0	0	0	0	0	0	0	0	0	0	0	0	0	0	0	0	0	0	0	0	0	1167.54232340922	0	0	0	0	0	0	0	0	0	0	0	0	0	0	0	0	0	0	0	0	0	0	0	0	0	0	0	0	0	0	0	0	0	0	0	0	0	0	0	0	0	0	0	0	0	0	0	0	0	0	0	0
hsa-miR-181d-5p	0	0	0	712.504453152832	0	0	0	0	0	0	0	0	0	0	0	0	0	0	0	0	0	0	0	0	0	0	2335.08464681845	0	0	0	0	0	0	0	0	0	0	0	0	0	0	0	0	0	0	0	0	0	0	0	0	0	0	0	0	0	0	0	0	0	0	0	0	0	0	0	0	0	0	0	0	0	0	0	0	0	0	0	0
hsa-miR-153-3p	0	0	0	712.504453152832	0	0	0	0	0	0	0	0	0	0	0	0	0	0	0	0	0	0	0	0	0	0	0	0	0	0	0	0	0	0	0	0	0	0	0	0	0	0	0	0	0	0	0	0	0	0	0	0	0	0	0	0	0	0	0	0	0	0	0	0	0	0	0	0	0	0	0	0	0	0	0	0	0	0	0
hsa-miR-181c-5p	0	0	0	356.252226576416	0	0	0	0	0	0	0	0	0	0	0	0	0	0	0	0	0	0	0	0	0	0	0	0	0	0	0	0	0	0	0	0	0	0	0	0	0	0	0	0	0	0	0	0	0	0	0	0	0	0	0	0	0	0	0	0	0	0	0	0	0	0	0	0	0	0	0	0	0	0	0	0	0	0	0
hsa-miR-141-3p	0	0	0	356.252226576416	0	0	0	0	0	0	0	0	0	0	0	0	0	0	0	0	0	0	0	0	0	0	0	0	0	0	0	0	0	0	0	0	0	0	0	0	3636.36363636364	0	0	0	0	202.654777586382	0	0	0	0	0	0	0	0	0	0	0	0	0	0	0	0	0	0	0	0	0	0	0	0	0	0	0	0	0	0	0	0	0
hsa-miR-598-3p	0	0	0	356.252226576416	0	0	0	0	0	0	0	0	0	0	0	0	0	0	0	0	0	0	0	0	0	0	0	0	0	0	0	0	0	0	0	0	0	0	0	0	0	0	0	0	0	0	0	0	0	0	0	0	0	0	0	0	0	0	0	0	0	0	0	0	0	0	0	0	0	0	0	0	0	0	0	0	0	0	0
hsa-miR-222-3p	0	0	0	356.252226576416	0	0	0	5063.29113924051	0	0	0	0	0	0	0	0	0	0	0	0	0	0	149.865121390748	0	0	0	4086.39813193228	0	0	0	0	0	0	0	0	0	0	0	0	3265.83932070542	0	0	0	0	0	0	0	0	0	0	0	0	1404.1656915516	0	0	0	0	0	0	0	0	0	0	0	0	0	0	0	0	0	0	0	0	0	0	0	0	0	0
hsa-miR-555	0	0	0	356.252226576416	0	0	0	0	0	0	0	0	0	0	0	0	0	0	0	0	0	0	0	0	0	0	0	0	0	0	0	0	0	0	0	0	0	0	0	0	0	0	0	0	0	0	0	0	0	0	0	0	0	0	0	0	0	0	0	0	0	0	0	0	0	0	0	0	0	0	0	0	0	0	0	0	0	0	0
hsa-miR-28-3p	0	0	0	356.252226576416	0	0	0	0	0	0	0	0	0	0	0	0	0	0	0	0	0	0	0	0	0	0	0	0	0	0	0	0	0	0	0	0	0	0	0	0	0	0	0	0	0	0	0	0	0	0	0	0	0	0	0	0	0	0	0	0	0	0	0	0	0	0	0	0	0	0	0	0	0	0	0	0	0	0	0
hsa-miR-135b-5p	0	0	0	356.252226576416	0	0	0	0	0	0	0	0	0	0	0	0	0	0	0	0	0	0	0	0	0	0	4086.39813193228	0	0	0	0	0	0	0	0	0	0	0	0	0	0	0	0	0	0	0	0	0	0	0	0	0	0	0	0	0	0	0	0	0	0	0	0	0	0	0	0	0	0	0	0	0	0	0	0	0	0	0	0
hsa-miR-146a-5p	0	0	0	356.252226576416	0	0	0	3375.52742616034	0	0	0	0	0	0	0	0	0	0	0	0	0	0	0	0	0	0	1167.54232340922	0	0	0	837.520938023451	0	0	0	0	0	0	0	0	0	0	0	0	0	0	0	0	0	0	0	0	0	2808.33138310321	0	0	0	0	0	0	0	0	0	0	0	0	0	0	0	0	0	0	0	0	0	0	0	0	0	0
hsa-miR-484	0	0	0	356.252226576416	0	0	0	0	0	0	0	0	0	0	0	0	0	0	0	0	0	0	0	0	0	0	0	0	0	0	0	0	0	0	0	0	0	0	0	0	3636.36363636364	0	0	0	0	0	0	0	0	0	0	0	0	0	0	0	0	0	0	0	0	0	0	0	0	0	0	0	0	0	0	0	0	0	0	0	0	0	0
hsa-miR-423-5p	0	0	0	356.252226576416	0	0	0	0	0	0	0	0	0	0	0	0	0	0	0	0	0	0	0	0	0	0	1167.54232340922	0	0	0	0	0	0	0	0	0	0	0	0	0	0	0	0	0	0	0	0	0	0	0	0	0	0	0	0	0	0	0	0	0	0	0	0	0	0	0	0	0	0	0	0	0	0	0	0	0	0	0	0
hsa-miR-107	0	0	0	178.126113288208	0	0	0	0	0	0	0	0	0	0	0	0	0	0	0	0	0	0	0	0	0	0	0	0	0	0	0	0	0	0	0	0	0	0	0	0	0	0	0	0	0	0	0	0	0	0	0	0	0	0	0	0	0	0	0	0	0	0	0	0	0	0	0	0	0	0	0	0	0	0	0	0	0	0	0
hsa-miR-103a-3p	0	0	0	178.126113288208	0	0	0	0	0	0	0	0	0	0	0	0	0	0	0	0	0	0	0	0	0	0	0	0	0	0	0	0	0	0	0	0	0	0	0	0	0	0	0	0	0	0	0	0	0	0	0	0	0	0	0	0	0	0	0	0	0	0	0	0	0	0	0	0	0	0	0	0	0	0	0	0	0	0	0
hsa-let-7a-3	0	0	0	118.750742192139	0	0	0	0	0	0	0	0	0	0	0	0	0	0	0	0	0	0	0	0	0	0	0	0	0	0	0	0	0	0	0	0	0	0	0	0	0	0	0	0	0	0	0	0	0	0	0	0	0	0	0	0	0	0	0	0	0	0	0	0	0	0	0	0	0	0	0	0	0	0	0	0	0	0	0
hsa-mir-30c-2	0	0	0	118.750742192139	0	0	0	0	0	0	0	0	0	0	0	0	0	0	0	0	0	0	0	0	0	0	0	0	0	0	0	0	0	0	0	0	0	0	0	0	0	0	0	0	0	0	0	0	0	0	0	0	0	0	0	0	0	0	0	0	0	0	0	0	0	0	0	0	0	0	0	0	0	0	0	0	0	0	0
hsa-mir-30c-1	0	0	0	118.750742192139	0	0	0	0	0	0	0	0	0	0	0	0	0	0	0	0	0	0	0	0	0	0	0	0	0	0	0	0	0	0	0	0	0	0	0	0	0	0	0	0	0	0	0	0	0	0	0	0	0	0	0	0	0	0	0	0	0	0	0	0	0	0	0	0	0	0	0	0	0	0	0	0	0	0	0
hsa-miR-29c-5p	0	0	0	0	0	79569.8924731183	0	0	0	0	0	0	0	0	0	0	0	0	0	0	0	0	0	0	0	0	0	156862.745098039	0	0	0	0	0	0	0	0	0	0	0	4572.17504898759	0	0	0	0	0	0	0	15748.031496063	0	0	0	0	3978.46945939621	0	0	0	0	0	0	0	0	1531.39356814701	0	0	0	0	0	0	0	0	0	0	9416.19585687382	14598.5401459854	0	0	0	0	544.810678289295
hsa-miR-361-5p	0	0	0	0	0	1075.2688172043	0	37130.8016877637	0	0	0	0	0	0	0	0	0	0	0	0	0	0	0	0	0	0	2335.08464681845	0	0	0	18425.4606365159	0	0	0	0	0	0	0	0	0	0	0	0	0	0	0	0	0	0	0	0	0	10999.2979171542	0	0	0	0	0	0	0	0	0	0	0	0	0	0	0	0	0	0	0	0	0	0	0	0	0	681.013347861618
hsa-miR-199a-3p|hsa-miR-199b-3p	0	0	0	0	0	0	0	15189.8734177215	0	0	0	0	0	0	0	0	0	0	0	0	0	0	0	0	0	0	0	0	0	0	0	0	0	0	0	0	0	0	0	0	0	0	0	0	0	0	0	0	0	0	0	0	3510.41422887901	0	0	0	0	0	0	0	0	0	0	0	0	0	0	0	0	0	0	0	0	0	0	0	0	0	0
hsa-miR-1301-3p	0	0	0	0	0	0	0	7594.93670886076	0	0	0	0	0	0	0	0	0	0	0	0	0	0	0	0	0	0	0	0	0	0	5025.1256281407	0	0	0	0	0	0	0	0	0	0	0	0	0	0	0	0	0	0	0	0	0	1638.1933068102	0	0	0	0	0	0	0	0	0	0	0	0	0	0	0	0	0	0	0	0	0	0	0	0	0	0
hsa-miR-652-3p	0	0	0	0	0	0	0	3375.52742616034	0	0	0	0	0	0	0	0	0	0	0	0	0	0	0	0	0	0	2918.85580852306	0	0	0	0	0	0	0	0	0	0	0	0	0	0	0	0	0	0	0	0	0	0	0	0	0	1170.138076293	0	0	0	0	0	0	0	0	0	0	0	0	0	0	0	0	0	0	0	0	0	0	0	0	0	0
hsa-miR-374b-5p	0	0	0	0	0	0	0	843.881856540084	0	0	0	0	0	0	0	0	0	0	0	0	0	0	0	0	0	0	291.885580852306	0	0	0	0	0	0	0	0	0	0	0	0	0	0	0	0	0	0	0	0	0	0	0	0	0	0	0	0	0	0	0	0	0	0	0	0	0	0	0	0	0	0	0	0	0	0	0	0	0	0	0	0
hsa-miR-181a-5p	0	0	0	0	0	0	0	843.881856540084	0	0	0	0	0	0	0	0	0	0	0	0	0	0	0	0	0	0	10507.880910683	0	0	0	0	0	0	0	0	0	0	0	0	0	0	0	0	0	0	0	0	0	0	0	0	0	468.055230517201	0	0	0	0	0	0	0	0	0	0	0	0	0	688.231245698555	0	0	0	2114.16490486258	0	0	0	0	0	0	0	0
hsa-miR-25-3p	0	0	0	0	0	0	0	0	0	0	0	0	0	0	0	0	0	11111.1111111111	0	0	0	0	0	0	0	0	0	0	0	0	0	0	0	0	0	0	0	0	0	0	0	0	0	0	0	0	0	0	0	0	0	0	0	0	0	0	0	0	0	0	0	0	0	0	0	0	0	0	0	0	0	0	0	0	0	0	0	0	0
hsa-miR-345-5p	0	0	0	0	0	0	0	0	0	0	0	0	0	0	0	0	0	0	0	0	0	2583.97932816537	0	0	0	0	0	0	0	0	0	0	0	0	0	0	0	0	0	0	0	0	0	0	0	0	0	0	0	0	0	0	0	0	0	0	0	0	0	0	0	0	0	0	0	0	0	0	0	0	0	0	0	0	0	0	0	0	0
hsa-miR-224-5p	0	0	0	0	0	0	0	0	0	0	0	0	0	0	0	0	0	0	0	0	0	0	549.505445099411	0	0	0	583.771161704612	0	553.403431101273	0	0	0	0	0	0	0	9124.08759124088	0	0	0	0	0	0	0	2336.44859813084	0	0	0	0	0	0	0	0	3012.04819277108	0	0	0	0	1651.86867644022	0	0	1531.39356814701	0	0	0	0	688.231245698555	0	0	0	0	0	0	0	0	0	0	0	0
hsa-miR-140-3p	0	0	0	0	0	0	0	0	0	0	0	0	0	0	0	0	0	0	0	0	0	0	99.9100809271656	0	0	0	0	0	0	0	0	0	0	0	0	0	0	0	0	0	0	0	0	0	0	0	0	0	0	0	0	0	0	0	0	0	0	0	0	0	0	0	0	0	0	0	0	0	0	0	0	0	0	0	0	0	0	0	0
hsa-miR-96-5p	0	0	0	0	0	0	0	0	0	0	0	0	0	0	0	0	0	0	0	0	0	0	0	0	0	0	7005.25394045534	0	0	0	0	0	0	0	0	0	0	0	0	0	0	0	0	0	0	0	0	0	0	0	0	0	0	0	0	0	0	0	0	0	0	0	0	0	0	0	0	0	0	0	0	0	0	0	0	0	0	0	0
hsa-miR-15a-5p	0	0	0	0	0	0	0	0	0	0	0	0	0	0	0	0	0	0	0	0	0	0	0	0	0	0	4670.16929363689	0	0	0	0	0	0	0	0	0	0	0	0	0	0	0	0	0	0	0	0	0	0	0	0	0	0	0	0	0	0	0	0	0	0	0	0	0	0	0	0	0	0	0	0	0	0	0	0	0	0	0	0
hsa-miR-194-5p	0	0	0	0	0	0	0	0	0	0	0	0	0	0	0	0	0	0	0	0	0	0	0	0	0	0	3502.62697022767	0	0	0	0	0	0	0	0	0	0	0	0	0	3636.36363636364	0	0	0	0	0	0	0	0	0	0	0	0	0	0	0	0	0	0	0	0	0	4514.67268623025	0	0	0	0	0	0	0	0	0	0	0	0	0	0	0	0
hsa-let-7i-3p	0	0	0	0	0	0	0	0	0	0	0	0	0	0	0	0	0	0	0	0	0	0	0	0	0	0	2335.08464681845	0	0	0	0	0	0	0	0	0	0	0	0	0	0	0	0	0	0	0	0	0	0	0	0	0	0	0	0	0	0	0	0	0	0	0	0	0	0	0	0	0	0	0	0	0	0	0	0	0	0	0	0
hsa-miR-338-3p	0	0	0	0	0	0	0	0	0	0	0	0	0	0	0	0	0	0	0	0	0	0	0	0	0	0	1751.31348511384	0	0	0	13400.3350083752	0	0	0	0	0	0	0	0	0	0	0	0	0	0	0	0	0	0	0	0	0	3978.46945939621	0	0	0	0	0	0	0	0	0	0	0	0	0	0	0	0	0	0	0	0	0	0	0	0	0	0
hsa-miR-193b-3p	0	0	0	0	0	0	0	0	0	0	0	0	0	0	0	0	0	0	0	0	0	0	0	0	0	0	1751.31348511384	0	0	0	0	0	0	0	0	0	0	0	0	0	0	0	0	0	0	0	0	0	0	0	0	0	0	0	0	0	0	0	0	0	0	0	0	0	0	0	0	0	0	0	0	0	0	0	0	0	0	0	0
hsa-miR-101-3p	0	0	0	0	0	0	0	0	0	0	0	0	0	0	0	0	0	0	0	0	0	0	0	0	0	0	1751.31348511384	0	0	0	0	0	0	0	0	0	0	0	0	0	3636.36363636364	0	0	0	0	0	0	0	0	0	0	0	0	0	0	0	0	0	0	0	0	0	2257.33634311512	0	0	0	0	0	0	0	0	0	0	0	0	0	0	0	0
hsa-miR-140-5p	0	0	0	0	0	0	0	0	0	0	0	0	0	0	0	0	0	0	0	0	0	0	0	0	0	0	1751.31348511384	0	0	0	0	0	0	0	0	0	0	0	0	0	0	0	0	0	0	0	0	0	0	0	0	0	0	0	0	0	0	0	0	0	0	0	0	0	0	0	0	0	0	0	0	0	0	0	0	0	0	0	0
hsa-miR-146b-5p	0	0	0	0	0	0	0	0	0	0	0	0	0	0	0	0	0	0	0	0	0	0	0	0	0	0	1751.31348511384	0	0	0	0	0	0	0	0	0	0	0	0	0	0	0	0	0	0	0	0	0	0	0	0	0	0	0	0	0	0	0	0	0	0	0	0	0	0	0	0	0	0	0	0	0	0	0	0	0	0	0	0
hsa-let-7c	0	0	0	0	0	0	0	0	0	0	0	0	0	0	0	0	0	0	0	0	0	0	0	0	0	0	583.771161704612	0	0	0	0	0	0	0	0	0	0	0	0	0	0	0	0	0	0	0	0	0	0	0	0	0	78.0092050862002	0	0	0	0	0	0	0	0	0	0	0	0	0	0	0	0	0	0	0	0	0	0	0	0	0	0
hsa-let-7b	0	0	0	0	0	0	0	0	0	0	0	0	0	0	0	0	0	0	0	0	0	0	0	0	0	0	583.771161704612	0	0	0	0	0	0	0	0	0	0	0	0	0	0	0	0	0	0	0	0	0	0	0	0	0	78.0092050862002	0	0	0	0	0	0	0	0	0	0	0	0	0	0	0	0	0	0	0	0	0	0	0	0	0	0
hsa-miR-660-5p	0	0	0	0	0	0	0	0	0	0	0	0	0	0	0	0	0	0	0	0	0	0	0	0	0	0	583.771161704612	0	0	0	0	0	0	0	0	0	0	0	0	0	0	0	0	0	0	0	0	0	0	0	0	0	0	0	0	0	0	0	0	0	0	0	0	0	0	0	0	0	0	0	0	0	0	0	0	0	0	0	0
hsa-miR-155-5p	0	0	0	0	0	0	0	0	0	0	0	0	0	0	0	0	0	0	0	0	0	0	0	0	0	0	583.771161704612	0	0	0	0	0	0	0	0	0	0	0	0	0	0	0	0	0	0	0	0	0	0	0	0	0	0	0	0	0	0	0	0	0	0	0	0	0	0	0	0	0	0	0	0	0	0	0	0	0	0	0	0
hsa-miR-20a-5p	0	0	0	0	0	0	0	0	0	0	0	0	0	0	0	0	0	0	0	0	0	0	0	0	0	0	583.771161704612	0	0	0	0	0	0	0	0	0	0	0	0	0	0	0	0	0	0	0	0	0	0	0	0	0	0	0	0	0	0	0	0	0	0	0	0	0	0	0	0	0	0	0	0	0	0	0	0	0	0	0	0
hsa-let-7i	0	0	0	0	0	0	0	0	0	0	0	0	0	0	0	0	0	0	0	0	0	0	0	0	0	0	0	0	0	0	418.760469011725	0	0	0	0	0	0	0	0	0	0	0	0	0	0	0	0	0	0	0	0	0	0	0	0	0	0	0	0	0	0	0	0	0	0	0	0	0	0	0	0	0	0	0	0	0	0	0	0
hsa-let-7a-2	0	0	0	0	0	0	0	0	0	0	0	0	0	0	0	0	0	0	0	0	0	0	0	0	0	0	0	0	0	0	209.380234505863	0	0	0	0	0	0	0	0	0	0	0	0	0	0	0	0	0	0	0	0	0	58.5069038146501	0	0	0	0	0	0	0	0	0	0	0	0	0	0	0	0	0	0	0	0	0	0	0	0	0	0
hsa-let-7a-1	0	0	0	0	0	0	0	0	0	0	0	0	0	0	0	0	0	0	0	0	0	0	0	0	0	0	0	0	0	0	209.380234505863	0	0	0	0	0	0	0	0	0	0	0	0	0	0	0	0	0	0	0	0	0	58.5069038146501	0	0	0	0	0	0	0	0	0	0	0	0	0	0	0	0	0	0	0	0	0	0	0	0	0	0
hsa-miR-4485-3p	0	0	0	0	0	0	0	0	0	0	0	0	0	0	0	0	0	0	0	0	0	0	0	0	0	0	0	0	0	0	0	0	0	0	0	0	0	0	0	1959.50359242325	0	0	0	0	0	0	0	0	0	0	0	0	0	0	0	0	0	0	0	0	0	0	0	0	0	0	0	0	0	0	0	0	0	0	0	0	0	0	0
hsa-miR-21-5p	0	0	0	0	0	0	0	0	0	0	0	0	0	0	0	0	0	0	0	0	0	0	0	0	0	0	0	0	0	0	0	0	0	0	0	0	0	0	0	0	7272.72727272727	0	0	0	0	0	0	0	0	0	0	0	0	0	0	0	0	0	0	0	0	0	6772.00902934537	0	0	0	0	0	0	0	0	0	0	21897.8102189781	0	0	0	0	0
hsa-miR-429	0	0	0	0	0	0	0	0	0	0	0	0	0	0	0	0	0	0	0	0	0	0	0	0	0	0	0	0	0	0	0	0	0	0	0	0	0	0	0	0	3636.36363636364	0	0	0	0	0	0	0	0	0	0	0	0	0	0	0	0	0	0	0	0	0	0	0	0	0	0	0	0	0	0	0	0	0	0	0	0	0	0
hsa-miR-126-3p	0	0	0	0	0	0	0	0	0	0	0	0	0	0	0	0	0	0	0	0	0	0	0	0	0	0	0	0	0	0	0	0	0	0	0	0	0	0	0	0	3636.36363636364	0	0	0	0	0	0	0	0	0	0	0	0	0	0	0	0	0	0	0	0	0	0	0	0	0	0	0	0	0	0	0	0	7299.2700729927	0	0	0	0	0
hsa-miR-30b-3p	0	0	0	0	0	0	0	0	0	0	0	0	0	0	0	0	0	0	0	0	0	0	0	0	0	0	0	0	0	0	0	0	0	0	0	0	0	0	0	0	0	0	0	0	0	0	0	0	0	0	0	0	702.082845775802	0	0	0	0	0	0	0	0	0	0	0	0	0	0	0	0	0	0	0	0	0	0	0	0	0	0
hsa-miR-2114-3p	0	0	0	0	0	0	0	0	0	0	0	0	0	0	0	0	0	0	0	0	0	0	0	0	0	0	0	0	0	0	0	0	0	0	0	0	0	0	0	0	0	0	0	0	0	0	0	0	0	0	0	0	234.027615258601	0	0	0	0	0	0	0	0	0	0	0	0	0	0	0	0	0	0	0	0	0	0	0	0	0	0
hsa-miR-99b-5p	0	0	0	0	0	0	0	0	0	0	0	0	0	0	0	0	0	0	0	0	0	0	0	0	0	0	0	0	0	0	0	0	0	0	0	0	0	0	0	0	0	0	0	0	0	0	0	0	0	0	0	0	0	0	0	0	0	0	0	0	0	0	2257.33634311512	0	0	0	0	0	0	0	0	0	0	0	0	0	0	0	0
hsa-miR-330-5p	0	0	0	0	0	0	0	0	0	0	0	0	0	0	0	0	0	0	0	0	0	0	0	0	0	0	0	0	0	0	0	0	0	0	0	0	0	0	0	0	0	0	0	0	0	0	0	0	0	0	0	0	0	0	0	0	0	0	0	0	0	0	2257.33634311512	0	0	0	0	0	0	0	0	0	0	0	0	0	0	0	0
hsa-miR-615-3p	0	0	0	0	0	0	0	0	0	0	0	0	0	0	0	0	0	0	0	0	0	0	0	0	0	0	0	0	0	0	0	0	0	0	0	0	0	0	0	0	0	0	0	0	0	0	0	0	0	0	0	0	0	0	0	0	0	0	0	0	0	0	0	0	0	0	0	0	0	0	0	0	0	7299.2700729927	0	0	0	0	0
