	sample_DKO1_cell_1_fastq	sample_DKO1_cell_2_fastq	sample_DKO1_cell_3_fastq	sample_DKO1_exo_1_fastq	sample_DKO1_exo_2_fastq	sample_DKO1_exo_3_fastq	sample_DKS8_cell_1_fastq	sample_DKS8_cell_2_fastq	sample_DKS8_cell_3_fastq	sample_DKS8_exo_1_fastq	sample_DKS8_exo_2_fastq	sample_DKS8_exo_3_fastq	sample_DLD1_cell_1_fastq	sample_DLD1_cell_2_fastq	sample_DLD1_cell_3_fastq	sample_DLD1_exo_1_fastq	sample_DLD1_exo_2_fastq	sample_DLD1_exo_3_fastq
Gly	11846.0862084429	9786.12938378878	14241.2617610809	208647.312534714	221116.026341029	32178.8736994554	13887.5427626705	14370.0915462352	15725.399377131	88487.3227347139	104638.244634238	88577.202566462	14824.1555551743	11285.5839507637	19974.0993076514	93101.7317148554	119417.551942615	115155.696464647
Lys	3419.83727585415	3077.34380112524	3900.13039640326	9237.77467867067	12543.3471693378	3449.54797368856	4784.34048067534	4891.0657701424	5797.78007898055	8377.97360220327	7130.39241632071	7596.80207730756	4459.12033240703	3637.96158949412	5851.57445252986	5292.50940223419	2921.40426037072	3403.68023289258
Glu	3131.41713622743	3978.66046341591	3874.96930127022	66391.9840100561	69147.3465285005	18848.5591133317	3963.22938936735	4249.65187365884	5000.86699641006	18248.8019351294	40568.5278090845	43923.8849234208	3994.02413129293	3377.28812057966	4905.62409372339	207523.228641902	136184.731756616	126287.486402007
His	1957.02738790399	2178.76919204635	1949.07633107442	25046.3800493995	30651.3409961682	10681.3367614131	1930.52802026328	2439.46521640001	3218.36005913239	12519.3814302658	14734.9914366692	15938.727585065	2150.17696636774	1988.8106447508	1990.30405036057	36177.0462137952	43229.8673927188	60131.1986788395
Val	1062.96019805916	1017.51748297366	1159.42198496038	13411.6087468808	13570.1893125363	1915.47118440219	1442.06520036259	1340.84832120039	1950.15835930104	5832.95556264542	6408.12964533121	3998.61453955931	1363.86540613116	1211.96235663679	1640.90695899948	12686.5152515944	7415.46046598035	4133.88973490067
Gln	445.612647073369	553.79490065038	402.972989369094	517.464420176175	495.079659326171	197.956191228052	362.935134073807	407.525823250266	414.041957755521	1049.16903086032	934.956577092712	1123.73729081505	432.241552991631	408.712569012321	382.840698604292	279.449972103858	343.882002385903	500.53264420896
Arg	341.917921112677	283.258846386664	303.42948825164	118.184785498399	144.456655759272	55.3170993451641	360.447325087002	359.1330167884	374.318796228144	127.660260104681	124.28196850513	144.894325068043	360.601606541349	383.322410945597	349.05459044759	121.160127765309	74.0055340186157	121.310355724778
Ala	302.10941932088	311.825314451513	280.022111654227	1526.55003084864	1461.18316869471	255.429964574112	364.405511061358	283.146503608061	342.604194634649	2340.53560873742	2465.53766316035	2096.29641056335	283.174960403178	264.314063223602	288.996258489357	658.350781819946	586.59901041408	671.367133895996
Pro	258.428060080537	293.107088550193	236.830917223302	1576.95051391459	1532.90573034293	203.883023300748	327.459802819941	302.600805585218	346.071065510997	456.106560374007	624.441110050167	401.083441305309	268.147161339217	314.014645744496	321.076970929498	666.3807027092	515.893907084501	322.135062260756
Leu	244.927758888707	162.830479238249	204.394812597586	419.229685531041	718.534290665625	120.117130006642	273.08587524382	219.022599009597	280.14774470397	381.305268090448	340.449233847133	356.387377221668	259.612222919983	257.457179456541	278.625360164135	198.350854325465	175.48617647528	183.74950940665
Met	180.985323382085	150.811365144477	177.866174494655	37.4846529180649	32.5509624830401	18.5707404944479	225.65652445208	206.986685226183	194.757097055673	57.0133200467509	45.4690128677306	48.7867577728095	223.245011004033	239.160530594857	207.335945653626	43.9694012051524	44.3146910291112	18.3494655718152
Tyr	120.142917938746	134.481339600332	121.042537115581	33.5792066405224	30.0843831565825	50.1805115488274	82.1016233053247	79.7661856201046	87.507706873909	46.6848200382816	49.6854376198761	36.7599744818018	132.01152838613	104.969244236814	147.742994422161	48.561471475063	48.0814397665857	24.2717798568984
Asp	96.8952222934675	56.9236548459943	92.1165006781004	1238.47117462616	1323.92795732772	127.075669884585	121.000991890251	93.4996820761829	123.266029337253	355.440572791461	404.950877828612	610.249591474195	104.647370299441	87.3323163593633	147.77680612272	558.973614280281	249.512812727719	485.027022177044
Thr	96.734216725377	78.7989382879894	81.003625278736	77.8239063275824	56.6819505665655	20.1907412609849	118.515612770085	114.410471701297	127.590917158919	15.9885180131106	40.3158580760545	29.7411581038088	94.0888328447047	115.74440006895	123.952755543381	31.8533884286215	43.2511384444125	28.696525324811
Asn	86.3404128297635	74.5606188882393	89.5405536902735	57.3803533130378	63.0322105885459	5.92683207269615	61.9414415688006	48.387125621534	42.3958388930195	32.2249200264244	31.8283090074115	39.8737924104693	64.299626131849	48.9807527922966	80.4835629972482	25.4045429185325	19.4984640528089	20.3882950797947
Cys	78.1579062147309	68.125263068454	79.1257144549167	1259.66819593077	1058.97187115884	239.516201512169	150.876236998429	141.383091435203	149.108342137179	320.980610763204	412.403401273066	497.727613677318	86.8108464609325	72.4804846442995	105.820919824666	399.665220359288	452.604184796326	528.404115724635
iMet	65.0057627282412	58.4914079125004	57.741710290182	358.728128425881	207.91221701595	14.5800068988325	98.3979809342459	80.9191291612869	92.4174983957075	86.8833420712443	118.825686961003	163.99856266706	91.5320366874935	97.3891030617656	93.9479184610738	118.131124571176	194.275605471623	141.290884902977
Ser	62.9678853229473	57.4244411422481	51.4666500376784	661.191783459946	722.787435107408	175.025936475687	67.4838985771004	58.2709610276544	78.5064076349634	664.130479494082	687.643037936313	699.446835254158	60.1473528989308	61.1405458480249	63.9412076000308	270.972908423699	135.109852896175	176.71554760412
Ile	34.0601244796275	23.4289474236597	32.2983158087364	57.2886076590425	60.2998253850299	12.2619570215114	34.6761607404496	36.112351281749	41.6074918596792	23.5640032920498	5.75940829657922	22.0364894811798	35.5621348499975	45.0770333599345	51.9425218630509	13.9162414588698	13.0877221885185	16.9732556539291
Phe	11.7889500974729	12.0676951357912	11.0950721620538	17.2266383254231	15.383691016792	9.0878091781341	19.5715103235938	14.5700636837213	17.9817056848023	19.8307200162612	21.3566575590856	10.2205150485277	13.8969558738213	13.9401401032265	17.600647830435	8.02616053744846	12.4081134881511	7.92363286055657
Trp	9.02949355547909	4.48533801507282	7.69457494398552	13.2638002633153	19.0037411028153	0	8.41692316054516	7.7825446803866	13.0329385801048	28.5066600233755	24.250140196123	22.9860685660352	12.4675456180849	11.1407202429538	13.1113573805041	5.86258682735366	17.7258764116445	22.4271245877742
SeC	1.91959123944035	2.34830196803631	2.52098573822683	30.276065818437	29.9167805479964	17.7804962180885	4.58114752655376	4.01816165563439	6.28373824397909	26.0278200213428	21.2188726716076	26.2697926468974	3.11688640452123	2.82359633743828	3.75438675760973	9.77097804558943	7.09035056465779	7.13590327792814
Und	1.71883121009307	1.55476597668781	1.69476012600962	38.1734558597532	25.1454042869733	5.33853911140631	2.08434067244212	2.25154278209287	2.63853258589813	8.34542800684325	13.0007696051437	18.0156197744762	2.81437786124982	2.32469367392056	3.37164149227768	48.1999776535162	28.9789943018623	40.2248116975092
tRNA	1.29660411772108	1.754147344059	0.846403243838407	0	0	0	1.4958629125271	1.02202006450507	1.70669433787086	0	0	0	0.961962910633962	1.7991622921092	3.27783934512602	0	0	0
Sup	0.795614687813475	0.570055224874012	0.590980989982769	2.69235007070228	3.47640337005768	0.658536896966239	1.65159750245152	1.47226133616541	1.44865647072868	2.28210666853799	2.98916658667488	2.55586914003615	0.856457826812598	0.798602604597872	0.76723598564296	7.87106564783593	4.13603782938371	1.35921967198631
Undet	0	0.162512246922928	0.161991051452327	0	0	0	0.0740926334555032	0.13465804903952	0.0775770153577666	0	0	0	0.253148134377358	0.0768325533996811	0.226927339277956	0	0	0
