	sample_2572_KCV_1_25_VK_fastq	sample_2572_KCV_1_26_CC_fastq	sample_2572_KCV_1_27_AE_fastq	sample_2572_KCV_1_28_CHL001_fastq	sample_2572_KCV_1_29_CHL002_fastq	sample_2572_KCV_1_30_CHL003_fastq
Val	118350.362570093	117678.235129775	119242.218361981	118525.162153024	118813.992988195	116557.642498912
Gly	47065.6228059265	45887.7847397423	46755.0750994711	46899.366427563	46600.9950133449	44882.616973609
Glu	26841.7789138244	26718.878499918	25912.7866995079	25831.3875776187	25685.4681801911	26429.7424303585
Pro	5140.99744291258	5181.82976929337	5031.24913453283	4876.23301693653	5215.36294818379	5392.61177094462
Lys	4197.7361729521	3926.8170720946	4223.47977807114	4252.74520751908	3939.02939968312	4094.17379572802
Cys	3593.21660821044	3942.82616978737	3631.44528511071	3643.65921317345	3250.69811162177	3419.38139740543
Ala	3512.4295055361	3298.69119026986	3413.86209345922	3591.85296371226	3282.49396672611	3058.66393045
His	2136.86676322801	2083.5171730839	2197.13264957581	2345.05862646566	2105.21682999824	2109.47430808463
Tyr	1566.88661194857	1410.25515323247	1620.15453781745	1647.12451144612	1591.74931048647	1380.32145113116
Asp	1247.25068397618	1367.76774421272	1430.90571716071	1321.421924437	1342.35080100933	1388.11987740874
Arg	581.156232677074	524.556088282299	641.599660275288	483.900986413549	447.45026700311	428.913445266745
Leu	567.74493499991	485.336941494838	544.667337499885	507.1654569142	506.132269233026	596.579610234655
iMet	540.922339645584	578.482415115059	484.661613877016	483.900986413549	432.779766445631	499.09928176494
Gln	487.277148936931	568.677628418194	595.44141133462	567.653080215894	601.49052285664	573.184331401923
Trp	482.806716377877	480.434548146405	452.350839618548	418.760469011725	557.479021184203	440.611084683111
Ser	98.3495162991971	68.6335068780579	101.54814766947	41.8760469011725	80.6877530661346	97.4803284697148
Ile	35.7634604724353	19.6095733937308	18.4632995762673	27.9173646007817	36.6762513936976	38.9921313878859
Phe	13.4112976771632	4.9023933484327	4.61582489406682	9.30578820026056	7.33525027873951	3.89921313878859
Asn	13.4112976771632	19.6095733937308	13.8474746822005	0	0	11.6976394163658
Undet	2.23521627952721	2.45119667421635	0	0	0	0
Thr	0	4.9023933484327	0	0	0	0
Met	0	0	13.8474746822005	9.30578820026056	7.33525027873951	11.6976394163658
SeC	0	0	4.61582489406682	0	0	3.89921313878859
Und	0	0	0.512869432674091	1.03397646669562	0	0.433245904309844
