	sample_IYB1_R1_fastq	sample_IYB2_R1_fastq	sample_IYB3_R1_fastq	sample_IYB4_R1_fastq	sample_IYB5_R1_fastq
Gly	97517.4068206156	941.085451728175	66702.0860478607	48224.5682853625	11146.2526397417
Ala	34798.6921101292	376.96352295348	8411.71338689013	13364.2298109126	12426.0341087846
Glu	5777.26732724263	2551.60506057431	200330.556347434	5441.74563094056	3014.44300934257
Ser	4499.96959480003	71.0355136575377	17693.6818558728	5686.40307473788	4154.7216051161
Val	2286.11167495293	1193.21808553881	103845.024318807	1692.12977344642	2574.22667577227
iMet	1591.54330038311	7.92478620743961	602.891903283	1429.82978512233	509.338390328497
Asp	692.375201669058	47.2775070402884	564.586111574243	1532.3001812506	346.621312929499
Cys	399.528700013156	84.5092571603816	2116.79132755744	674.966578643816	3112.31349714002
Leu	290.538577442044	78.7430986216929	492.146685192179	444.590123584488	228.329376315471
Tyr	167.791659065367	18.4789325651776	306.035755514568	371.091346415152	588.798892979647
Thr	151.68816426916	10.2466980898741	85.432251086838	167.485484591335	70.8020910009607
Lys	105.855140618419	264.875586235346	9064.69969772736	388.9173068122	1504.71117870966
His	57.4320443780785	240.267403486704	21514.4465661889	120.96173887152	140.356568063578
Pro	57.4320443780785	125.181336270384	4571.82234800947	375.291548806511	177.784986213866
Phe	13.5134222066067	9.87092974175068	7.6730048910608	26.535766077228	21.8332439210011
SeC	10.135066654955	15.1429035810948	454.435217081113	9.30474914396308	37.4284181502876
Arg	6.75671110330336	113.067013405508	268.98699404839	124.063321919508	68.6187666088606
tRNA	6.75671110330336	1.00952690540632	0.784862205666862	16.8371651176475	3.1190348458573
Gln	3.37835555165168	189.286294763685	749.458924716104	272.939308222917	59.021736313915
Met	3.37835555165168	16.6571939392043	7.65240650525191	62.0316609597539	21.8332439210011
Und	0.635246343045615	2.31069491681891	90.4988310893143	1.23078692380464	0
Asn	0	78.2383351689897	16.2858907675874	89.9459083916431	6.2380696917146
Ile	0	15.5643378366653	34.2830189805606	103.1887281329	24.6687301445077
Trp	0	4.54287107432844	44.3447146201777	6.20316609597539	12.4761393834292
Sup	0	3.86985313739089	1.51545368143791	26.7743493886117	29.2442839820979
